61 0 -2.9851
61 1 1.7111
61 2 -2.7613
61 3 -1.581
61 4 5.7166
61 5 -3.0465
61 6 -4.4063
61 7 3.1543
61 8 1.4825
61 9 -4.6799
61 10 5.7652
61 11 -9.9066
61 12 -2.7134
61 13 3.8831
61 14 -5.0897
61 15 -2.5229
61 16 -0.7896
61 17 -3.5719
61 18 0.0701
61 19 -0.9572
61 20 0.0011
61 21 0.0417
61 22 -0.0841
61 23 -1.1496
61 24 1.1454
61 25 0.5656
61 26 -0.8064
61 27 -0.7256
61 28 -0.4758
61 29 -1.5569
61 30 -0.0483
61 31 -0.1093
61 32 -0.9181
61 33 0.0107
61 34 0.1115
61 35 0.6567
61 36 0.0302
61 37 -0.1571
61 38 -0.3294
61 39 -0.7017
61 40 -0.7517
61 41 -0.2025
61 42 -0.5788
61 43 -0.9135
61 44 1.5796
61 45 0.5578
61 46 0.894
61 47 -0.3498
61 48 -0.866
61 49 -0.5892
61 50 0.336
61 51 0.1128
61 52 0.7576
61 53 -0.6348
61 54 -0.313
61 55 0.4281
61 56 0.5889
61 57 -0.8807
61 58 0.2072
61 59 -0.196
61 60 0.3903
62 61 -4.5535
62 62 1.2507
62 63 3.6463
62 64 -3.5201
62 65 2.3956
62 66 3.9704
62 67 -6.7502
62 68 6.3151
62 69 1.8331
62 70 -8.9969
62 71 2.7254
62 72 0.997
62 73 -3.456
62 74 2.9163
62 75 -1.0789
62 76 -3.0043
62 77 -1.2388
62 78 0.5926
62 79 0.0913
62 80 -0.3512
62 81 1.9042
62 82 1.4052
62 83 0.2807
62 84 1.8104
62 85 0.0415
62 86 0.3946
62 87 0.6139
62 88 -0.2341
62 89 -0.0941
62 90 0.1451
62 91 -0.5114
62 92 -0.5815
62 93 0.5958
62 94 -0.0728
62 95 -0.6976
62 96 0.0596
62 97 -0.1524
62 98 0.9364
62 99 -0.0866
62 100 0.1718
62 101 0.1592
62 102 0.0094
62 103 -0.3014
62 104 -0.3196
62 105 1.0868
62 106 -0.984
62 107 -0.7658
62 108 -0.718
62 109 0.6816
62 110 -0.3427
62 111 -0.0991
62 112 -0.326
62 113 -0.0636
62 114 -0.6407
62 115 -0.1792
62 116 -0.639
62 117 -0.9524
62 118 0.1767
62 119 0.3145
62 120 0.6423
62 121 -0.8047
63 122 2.2764
63 123 -2.233
63 124 3.0918
63 125 -0.5207
63 126 -4.8725
63 127 0.0456
63 128 -0.0902
63 129 -3.4548
63 130 0.0552
63 131 4.0535
63 132 -3.0069
63 133 7.027
63 134 1.5465
63 135 -3.0952
63 136 2.8538
63 137 0.9939
63 138 -1.2667
63 139 2.9252
63 140 0.7621
63 141 0.4365
63 142 -0.0842
63 143 0.0224
63 144 -0.7059
63 145 1.3767
63 146 0.7805
63 147 0.1578
63 148 3.0309
63 149 0.3989
63 150 0.5476
63 151 1.0814
63 152 0.8279
63 153 0.7818
63 154 0.8873
63 155 0.2139
63 156 0.137
63 157 1.0686
63 158 -0.0662
63 159 -0.5515
63 160 0.6784
63 161 -0.0903
63 162 0.407
63 163 0.3402
63 164 0.3256
63 165 0.054
63 166 0.2313
63 167 -0.3167
63 168 0.9132
63 169 -0.0142
63 170 -0.3607
63 171 -0.931
63 172 -0.4196
63 173 0.9688
63 174 0.1447
63 175 0.6532
63 176 0.0391
63 177 0.1884
63 178 -0.9028
63 179 0.3996
63 180 0.9021
63 181 -0.5718
63 182 0.0208
64 183 -0.7227
64 184 1.0299
64 185 -0.6558
64 186 -0.7726
64 187 2.3836
64 188 -2.6927
64 189 0.6995
64 190 1.2373
64 191 -2.3356
64 192 -1.459
64 193 1.9213
64 194 -2.2297
64 195 -1.3491
64 196 0.7225
64 197 -1.5576
64 198 -1.3789
64 199 0.6017
64 200 -2.3169
64 201 -0.7083
64 202 -0.774
64 203 -0.3237
64 204 0.6871
64 205 -0.5584
64 206 -0.8368
64 207 -0.1997
64 208 -0.8314
64 209 -1.007
64 210 1.0501
64 211 -0.3911
64 212 -0.392
64 213 0.3191
64 214 0.3637
64 215 0.9057
64 216 -0.1364
64 217 0.7075
64 218 0.4126
64 219 0.3728
64 220 0.9391
64 221 -0.4931
64 222 -0.9252
64 223 -0.1262
64 224 0.9527
64 225 0.7465
64 226 -0.4545
64 227 0.8178
64 228 -0.3668
64 229 0.3037
64 230 -0.8232
64 231 -0.2061
64 232 0.5117
64 233 -0.3601
64 234 -0.496
64 235 -0.3536
64 236 -0.1085
64 237 0.9258
64 238 -0.0704
64 239 -0.9765
64 240 -0.2905
64 241 0.1634
64 242 0.166
64 243 0.3209
65 244 4.9237
65 245 -2.6531
65 246 -2.6822
65 247 3.0279
65 248 -2.9713
65 249 -4.1465
65 250 5.9247
65 251 -5.6253
65 252 -6.6603
65 253 8.3159
65 254 -3.7826
65 255 -0.4231
65 256 3.7752
65 257 -3.5343
65 258 3.4051
65 259 4.8843
65 260 0.502
65 261 -2.0725
65 262 1.244
65 263 0.4599
65 264 -2.0379
65 265 -1.7344
65 266 -0.8361
65 267 -2.9095
65 268 -0.4737
65 269 0.977
65 270 -1.4245
65 271 0.3767
65 272 -0.736
65 273 0.2711
65 274 -1.1591
65 275 -0.9156
65 276 -1.0866
65 277 -0.5757
65 278 -0.2095
65 279 -0.0519
65 280 -0.1011
65 281 0.4298
65 282 2.4508
65 283 0.7893
65 284 -0.8977
65 285 -0.0157
65 286 0.8984
65 287 0.0625
65 288 -0.8053
65 289 -0.5752
65 290 -0.4429
65 291 -0.1487
65 292 -0.4124
65 293 -0.9751
65 294 0.1585
65 295 -0.885
65 296 0.5267
65 297 0.5158
65 298 -0.7321
65 299 -0.4206
65 300 0.4804
65 301 -0.8059
65 302 0.4697
65 303 -0.7274
65 304 0.4676
66 305 -3.8451
66 306 2.0709
66 307 4.801
66 308 -3.9086
66 309 2.7501
66 310 6.9111
66 311 -8.6372
66 312 6.4367
66 313 1.6384
66 314 -8.6099
66 315 3.3324
66 316 2.0797
66 317 -4.3478
66 318 3.3483
66 319 -1.2646
66 320 -4.7284
66 321 -2.2001
66 322 -0.1538
66 323 -1.5309
66 324 0.6239
66 325 1.3936
66 326 0.6998
66 327 1.2001
66 328 1.9421
66 329 -0.3185
66 330 0.7834
66 331 1.3425
66 332 -0.1578
66 333 -0.5752
66 334 0.4845
66 335 -0.3719
66 336 -0.7304
66 337 -0.2658
66 338 -0.047
66 339 0.0477
66 340 1.0229
66 341 0.2165
66 342 1.0395
66 343 -0.876
66 344 0.0375
66 345 -0.656
66 346 -1.000
66 347 0.2161
66 348 -0.2988
66 349 -0.2532
66 350 -0.5131
66 351 0.3261
66 352 -0.5723
66 353 -0.2623
66 354 -0.1185
66 355 0.4521
66 356 -0.7618
66 357 0.2462
66 358 -0.4354
66 359 0.0873
66 360 -0.9403
66 361 -0.4997
66 362 0.3464
66 363 0.1313
66 364 -0.0937
66 365 -0.6368
67 366 -2.0709
67 367 0.2607
67 368 0.1452
67 369 -0.4622
67 370 1.0775
67 371 0.8387
67 372 -2.3449
67 373 1.4664
67 374 2.3156
67 375 -0.7302
67 376 -0.8933
67 377 2.7299
67 378 -0.3082
67 379 0.810
67 380 -1.2296
67 381 -0.0536
67 382 -1.2243
67 383 -0.0855
67 384 0.4581
67 385 -0.3554
67 386 -1.2311
67 387 0.7116
67 388 0.2126
67 389 1.8776
67 390 0.3434
67 391 -0.3453
67 392 1.6773
67 393 -0.565
67 394 -1.1173
67 395 -0.2869
67 396 -0.9511
67 397 0.4934
67 398 -0.2261
67 399 -0.3919
67 400 0.2272
67 401 -0.4161
67 402 -0.5731
67 403 -0.5648
67 404 -0.0907
67 405 -0.0221
67 406 0.7946
67 407 -0.4041
67 408 0.8285
67 409 0.2228
67 410 0.7109
67 411 -0.6777
67 412 0.6767
67 413 0.8146
67 414 -0.2775
67 415 0.2724
67 416 0.7977
67 417 -0.0385
67 418 -0.5947
67 419 -0.1383
67 420 0.5029
67 421 0.988
67 422 -0.2324
67 423 -0.6799
67 424 -0.549
67 425 -0.6243
67 426 -0.7753
68 427 0.8304
68 428 -0.3335
68 429 -1.7403
68 430 0.9541
68 431 -0.5565
68 432 -1.349
68 433 2.1955
68 434 -1.1786
68 435 -2.680
68 436 0.8439
68 437 1.4087
68 438 -1.1202
68 439 1.1045
68 440 -0.2025
68 441 1.342
68 442 0.4601
68 443 0.5794
68 444 -1.7739
68 445 -0.5912
68 446 0.3426
68 447 -0.1047
68 448 -0.3367
68 449 -0.306
68 450 -0.054
68 451 1.1297
68 452 -0.9415
68 453 -0.5459
68 454 0.7807
68 455 0.1064
68 456 -0.538
68 457 0.5551
68 458 0.068
68 459 -0.4131
68 460 -0.2662
68 461 0.7389
68 462 0.1673
68 463 0.7963
68 464 -0.5424
68 465 -0.4762
68 466 0.6138
68 467 0.1674
68 468 -0.5612
68 469 -0.8117
68 470 -0.5383
68 471 -0.0887
68 472 0.789
68 473 -0.0358
68 474 0.5097
68 475 -0.133
68 476 0.2199
68 477 0.6689
68 478 -0.3766
68 479 0.2903
68 480 -0.1592
68 481 0.668
68 482 -0.1695
68 483 0.2128
68 484 -0.5189
68 485 -0.5603
68 486 0.1995
68 487 0.4038
69 488 0.2079
69 489 -0.7083
69 490 0.4754
69 491 0.002
69 492 0.7931
69 493 1.4889
69 494 0.9765
69 495 -1.7745
69 496 0.8944
69 497 1.549
69 498 0.603
69 499 3.7124
69 500 -0.5206
69 501 0.5025
69 502 0.4981
69 503 1.236
69 504 1.2794
69 505 0.4109
69 506 1.1079
69 507 0.2538
69 508 0.6379
69 509 0.9104
69 510 -0.6449
69 511 -0.1404
69 512 1.0254
69 513 0.3861
69 514 0.7571
69 515 0.4795
69 516 -0.9444
69 517 0.8666
69 518 0.7286
69 519 -0.6437
69 520 1.2084
69 521 -0.8329
69 522 -0.3534
69 523 -0.1464
69 524 -0.949
69 525 0.6723
69 526 0.9303
69 527 0.364
69 528 0.494
69 529 0.6978
69 530 0.823
69 531 0.2652
69 532 -0.071
69 533 -0.2675
69 534 0.4092
69 535 0.7555
69 536 0.1906
69 537 -0.0174
69 538 -0.8707
69 539 -0.5627
69 540 0.1688
69 541 0.351
69 542 0.6568
69 543 -0.3055
69 544 0.3792
69 545 0.5371
69 546 0.4597
69 547 -0.208
69 548 -0.2341
70 549 0.6599
70 550 -0.575
70 551 -1.0364
70 552 -0.416
70 553 0.1023
70 554 -1.7421
70 555 1.2994
70 556 -0.6693
70 557 -2.5559
70 558 -0.6705
70 559 1.0983
70 560 -1.2204
70 561 0.0658
70 562 0.5917
70 563 -1.1653
70 564 -0.3403
70 565 -0.4445
70 566 -0.902
70 567 -1.0052
70 568 -0.7365
70 569 -0.9987
70 570 -1.0429
70 571 -0.539
70 572 0.477
70 573 0.3432
70 574 -0.2224
70 575 -0.9873
70 576 0.4633
70 577 0.4094
70 578 0.3598
70 579 -0.3154
70 580 -0.1754
70 581 -0.9667
70 582 -0.9901
70 583 0.9749
70 584 -0.9418
70 585 0.8104
70 586 -0.8181
70 587 -0.969
70 588 -0.5355
70 589 -0.0738
70 590 0.5152
70 591 -0.0687
70 592 -0.0643
70 593 0.1729
70 594 -0.6453
70 595 -0.5046
70 596 0.0593
70 597 0.8299
70 598 0.9653
70 599 -0.4826
70 600 0.6774
70 601 -0.1508
70 602 -0.3162
70 603 0.2619
70 604 -0.7926
70 605 0.9641
70 606 0.0511
70 607 -0.1296
70 608 0.2113
70 609 0.1693
71 610 2.3872
71 611 -1.7123
71 612 1.5685
71 613 1.2428
71 614 -0.9533
71 615 2.3049
71 616 0.2487
71 617 -0.8592
71 618 1.9284
71 619 1.8927
71 620 -1.7688
71 621 1.9339
71 622 0.0016
71 623 -1.1375
71 624 1.0734
71 625 2.0618
71 626 -0.9774
71 627 1.3085
71 628 -0.6946
71 629 0.580
71 630 -0.1088
71 631 -1.0827
71 632 0.6228
71 633 1.609
71 634 0.2269
71 635 -0.3724
71 636 -0.0427
71 637 -0.2042
71 638 0.5926
71 639 0.6026
71 640 0.8863
71 641 -0.2537
71 642 0.2847
71 643 -0.2143
71 644 0.7638
71 645 0.8467
71 646 0.4055
71 647 0.9902
71 648 0.6498
71 649 0.8693
71 650 0.3896
71 651 -0.2516
71 652 0.9697
71 653 -0.6758
71 654 0.4501
71 655 0.2388
71 656 0.9306
71 657 -1.0161
71 658 -0.0263
71 659 0.1409
71 660 -0.8562
71 661 0.7806
71 662 0.2853
71 663 0.4803
71 664 0.5792
71 665 -0.8345
71 666 0.1727
71 667 0.0231
71 668 0.2357
71 669 -0.7572
71 670 -0.8914
72 671 -2.8931
72 672 1.8389
72 673 -2.1684
72 674 0.4795
72 675 2.0461
72 676 -1.9507
72 677 -1.8715
72 678 4.5129
72 679 -1.3937
72 680 -2.9699
72 681 2.3076
72 682 -4.5144
72 683 -0.9964
72 684 2.3649
72 685 -3.1252
72 686 -1.6594
72 687 -1.0929
72 688 -1.7415
72 689 -1.0559
72 690 -0.0061
72 691 0.0042
72 692 0.1902
72 693 0.7174
72 694 -1.7498
72 695 -0.4219
72 696 -0.8681
72 697 -1.4357
72 698 -0.8488
72 699 -0.7399
72 700 -0.3679
72 701 0.7928
72 702 0.6449
72 703 -0.464
72 704 0.0398
72 705 -0.5301
72 706 -0.6314
72 707 -0.7183
72 708 -0.1216
72 709 0.5669
72 710 -0.9832
72 711 0.0079
72 712 -0.9393
72 713 0.7592
72 714 -0.5427
72 715 -0.8174
72 716 0.8917
72 717 0.5558
72 718 0.0703
72 719 -0.0526
72 720 0.5327
72 721 -0.6345
72 722 -0.7902
72 723 0.0607
72 724 0.9021
72 725 0.7779
72 726 0.0122
72 727 -0.1539
72 728 0.2229
72 729 -0.6537
72 730 0.5266
72 731 0.6695
73 732 2.5975
73 733 -3.0097
73 734 0.1191
73 735 0.9687
73 736 -4.958
73 737 2.6312
73 738 1.3537
73 739 -6.5336
73 740 4.2679
73 741 4.6065
73 742 -3.3863
73 743 7.1896
73 744 0.8268
73 745 -3.1231
73 746 3.9747
73 747 3.6898
73 748 0.5648
73 749 3.4501
73 750 -0.0727
73 751 -0.097
73 752 2.2551
73 753 1.3243
73 754 0.1901
73 755 0.2678
73 756 -0.2471
73 757 -0.2454
73 758 3.6539
73 759 -0.9981
73 760 -0.0968
73 761 1.6652
73 762 1.1252
73 763 -0.4784
73 764 -0.086
73 765 0.9659
73 766 0.7911
73 767 0.9948
73 768 -0.5577
73 769 0.0957
73 770 0.7575
73 771 0.6551
73 772 -0.6826
73 773 -0.7542
73 774 -0.9592
73 775 0.3324
73 776 -0.372
73 777 -0.516
73 778 -0.8728
73 779 -0.3085
73 780 -0.9775
73 781 0.0469
73 782 -0.9869
73 783 0.4568
73 784 0.8127
73 785 -0.389
73 786 0.6708
73 787 -0.7685
73 788 0.012
73 789 0.7208
73 790 0.4134
73 791 -0.1758
73 792 -0.7539
74 793 -0.503
74 794 0.177
74 795 0.5888
74 796 0.4165
74 797 0.3925
74 798 1.562
74 799 -0.8625
74 800 -0.3511
74 801 2.292
74 802 -1.2799
74 803 0.1128
74 804 1.3574
74 805 -1.0647
74 806 -0.510
74 807 1.2226
74 808 0.0091
74 809 0.3062
74 810 -0.0476
74 811 -0.284
74 812 0.7605
74 813 -0.050
74 814 0.9224
74 815 0.7974
74 816 1.5042
74 817 0.9339
74 818 0.3034
74 819 -0.3267
74 820 0.679
74 821 -0.1546
74 822 -0.6197
74 823 -0.2006
74 824 -0.5308
74 825 0.0329
74 826 0.237
74 827 -0.6297
74 828 0.1327
74 829 0.6568
74 830 -0.3729
74 831 0.742
74 832 -0.6782
74 833 -0.4669
74 834 -0.2427
74 835 -0.7494
74 836 0.6699
74 837 0.7854
74 838 -0.8456
74 839 0.7195
74 840 0.1294
74 841 -0.435
74 842 0.077
74 843 -0.316
74 844 0.9679
74 845 0.7747
74 846 -0.9935
74 847 0.7184
74 848 0.3872
74 849 0.3891
74 850 -0.6455
74 851 0.6972
74 852 0.1455
74 853 -0.9736
75 854 3.3373
75 855 -2.0987
75 856 3.3523
75 857 0.5802
75 858 -3.7683
75 859 2.9991
75 860 3.2551
75 861 -3.8727
75 862 2.1496
75 863 3.1824
75 864 -4.7799
75 865 2.8719
75 866 0.2664
75 867 -5.4718
75 868 2.850
75 869 1.283
75 870 -2.0998
75 871 2.7544
75 872 0.5954
75 873 -0.1097
75 874 1.0192
75 875 -0.1563
75 876 -0.021
75 877 2.0249
75 878 -0.1485
75 879 -0.1371
75 880 0.0792
75 881 -0.3171
75 882 0.7824
75 883 0.6204
75 884 -0.8053
75 885 0.1169
75 886 0.1818
75 887 -0.0032
75 888 0.9516
75 889 0.1773
75 890 0.0466
75 891 -0.0939
75 892 -0.1608
75 893 -0.2811
75 894 -0.1147
75 895 0.6356
75 896 -0.4558
75 897 0.6584
75 898 -0.9525
75 899 0.0479
75 900 0.1859
75 901 0.6955
75 902 0.7192
75 903 -0.7908
75 904 -0.6438
75 905 0.8276
75 906 -0.8437
75 907 -0.326
75 908 -0.5398
75 909 0.0636
75 910 0.0406
75 911 0.0473
75 912 -0.3778
75 913 0.3573
75 914 -0.0382
76 915 0.0352
76 916 0.9213
76 917 -0.7715
76 918 0.0191
76 919 -1.1267
76 920 -1.2208
76 921 1.7536
76 922 -1.338
76 923 -1.6572
76 924 1.8924
76 925 -0.2134
76 926 -1.9186
76 927 -0.0334
76 928 0.6105
76 929 0.0412
76 930 0.4085
76 931 1.2064
76 932 -1.9404
76 933 0.0204
76 934 0.649
76 935 0.3826
76 936 0.5105
76 937 -0.3885
76 938 -1.1254
76 939 -0.5608
76 940 0.0954
76 941 0.1322
76 942 0.2439
76 943 0.8074
76 944 -0.4832
76 945 0.3443
76 946 -0.3021
76 947 -0.9991
76 948 -0.2572
76 949 -0.509
76 950 -0.5853
76 951 -0.297
76 952 0.6142
76 953 -0.7433
76 954 0.1597
76 955 -0.4234
76 956 -0.246
76 957 -0.206
76 958 0.8433
76 959 -0.9338
76 960 -0.9404
76 961 -0.7148
76 962 0.6085
76 963 0.491
76 964 0.1854
76 965 0.6324
76 966 0.116
76 967 -0.1197
76 968 -0.2755
76 969 0.2126
76 970 -0.2309
76 971 -0.7475
76 972 -0.3291
76 973 -0.5936
76 974 0.4095
76 975 0.9351
77 976 2.1296
77 977 -1.0106
77 978 -2.369
77 979 2.3235
77 980 -1.9517
77 981 -2.6321
77 982 4.9139
77 983 -2.7695
77 984 -1.9016
77 985 4.3987
77 986 -2.0271
77 987 -1.3157
77 988 2.2983
77 989 -1.6239
77 990 -0.0752
77 991 1.9651
77 992 0.7438
77 993 -1.5402
77 994 0.6787
77 995 -0.3747
77 996 -0.3934
77 997 0.2302
77 998 0.6052
77 999 -0.654
77 1000 0.6988
77 1001 -0.1209
77 1002 -0.2291
77 1003 -0.8353
77 1004 0.9892
77 1005 -0.4863
77 1006 0.3345
77 1007 0.7969
77 1008 -0.1449
77 1009 0.2771
77 1010 -0.4372
77 1011 -0.4627
77 1012 -0.0754
77 1013 -0.6534
77 1014 -0.7875
77 1015 -0.9338
77 1016 -0.1745
77 1017 -0.6114
77 1018 -0.749
77 1019 0.4304
77 1020 -0.0218
77 1021 0.0701
77 1022 0.473
77 1023 -1.0042
77 1024 0.1791
77 1025 -0.0292
77 1026 -0.1112
77 1027 -0.703
77 1028 0.276
77 1029 0.355
77 1030 -0.9429
77 1031 -0.2769
77 1032 -0.2739
77 1033 -0.4105
77 1034 -0.8487
77 1035 0.9948
77 1036 0.5232
78 1037 1.7537
78 1038 -0.5258
78 1039 1.0651
78 1040 -0.7147
78 1041 -2.4022
78 1042 2.6482
78 1043 0.6811
78 1044 -3.3958
78 1045 1.5092
78 1046 2.6774
78 1047 -1.4244
78 1048 2.9491
78 1049 1.1263
78 1050 -1.0737
78 1051 2.6091
78 1052 0.3651
78 1053 -1.1683
78 1054 1.5575
78 1055 -0.5465
78 1056 -1.046
78 1057 0.7664
78 1058 -0.5941
78 1059 -0.625
78 1060 2.2106
78 1061 -0.8413
78 1062 -0.6241
78 1063 -0.5935
78 1064 -0.7459
78 1065 0.7052
78 1066 0.3411
78 1067 -0.7385
78 1068 -0.6599
78 1069 -0.8937
78 1070 -0.9674
78 1071 -0.2888
78 1072 0.6865
78 1073 0.4359
78 1074 -0.9393
78 1075 0.071
78 1076 -0.4165
78 1077 0.2764
78 1078 -0.8123
78 1079 -0.8232
78 1080 0.0412
78 1081 -0.9052
78 1082 -0.7014
78 1083 -0.5901
78 1084 0.4061
78 1085 -0.9317
78 1086 0.1182
78 1087 -0.9625
78 1088 0.0944
78 1089 -0.3015
78 1090 0.1424
78 1091 -0.7299
78 1092 0.7484
78 1093 -0.246
78 1094 0.8989
78 1095 -0.5781
78 1096 -0.0198
78 1097 -0.4316
79 1098 1.1455
79 1099 -0.1918
79 1100 -1.7234
79 1101 0.508
79 1102 0.6023
79 1103 -1.7217
79 1104 -0.4106
79 1105 1.7785
79 1106 -1.5226
79 1107 0.4155
79 1108 1.3377
79 1109 -2.029
79 1110 -0.3536
79 1111 -0.2111
79 1112 -1.5473
79 1113 -0.8453
79 1114 -0.6968
79 1115 -0.7906
79 1116 0.1788
79 1117 0.6642
79 1118 -0.3511
79 1119 0.2376
79 1120 0.6613
79 1121 -0.701
79 1122 -0.2118
79 1123 0.257
79 1124 0.1939
79 1125 0.1803
79 1126 -0.459
79 1127 -1.351
79 1128 -0.2628
79 1129 0.2372
79 1130 -0.1295
79 1131 -0.789
79 1132 0.0258
79 1133 -0.9567
79 1134 -0.6603
79 1135 -0.7656
79 1136 0.3378
79 1137 -0.7615
79 1138 -0.1256
79 1139 -0.3816
79 1140 0.6587
79 1141 -0.547
79 1142 -0.1276
79 1143 0.9794
79 1144 0.3385
79 1145 -0.1476
79 1146 -0.1422
79 1147 -0.8684
79 1148 0.3687
79 1149 0.4601
79 1150 0.1509
79 1151 0.4279
79 1152 0.1899
79 1153 -0.1622
79 1154 0.3482
79 1155 0.1133
79 1156 -0.1527
79 1157 0.9999
79 1158 0.9549
80 1159 -4.1963
80 1160 2.3552
80 1161 2.3517
80 1162 -4.1122
80 1163 2.9248
80 1164 4.979
80 1165 -7.2269
80 1166 5.2524
80 1167 3.2369
80 1168 -7.4305
80 1169 2.1759
80 1170 -0.7257
80 1171 -2.9279
80 1172 3.9741
80 1173 -1.373
80 1174 -3.6989
80 1175 -1.3672
80 1176 1.7706
80 1177 -1.042
80 1178 0.2772
80 1179 2.5018
80 1180 0.1489
80 1181 -0.6738
80 1182 2.0348
80 1183 0.2699
80 1184 0.5058
80 1185 1.4084
80 1186 0.8347
80 1187 0.3983
80 1188 1.4153
80 1189 0.1951
80 1190 0.4693
80 1191 -0.2396
80 1192 0.2978
80 1193 -0.4002
80 1194 0.1675
80 1195 -0.0161
80 1196 0.3697
80 1197 0.1809
80 1198 0.3731
80 1199 0.1782
80 1200 0.6303
80 1201 0.010
80 1202 0.7073
80 1203 0.9615
80 1204 -0.7067
80 1205 0.5612
80 1206 0.4071
80 1207 0.0253
80 1208 0.6119
80 1209 0.6664
80 1210 0.3821
80 1211 0.306
80 1212 0.4128
80 1213 0.8808
80 1214 0.9335
80 1215 0.5713
80 1216 -0.6443
80 1217 -0.1174
80 1218 -0.6355
80 1219 -0.7586
81 1220 0.040
81 1221 -1.1619
81 1222 1.9598
81 1223 0.3401
81 1224 -2.1242
81 1225 1.8816
81 1226 -0.2293
81 1227 -1.6919
81 1228 2.0351
81 1229 1.7437
81 1230 -3.0783
81 1231 3.2479
81 1232 1.1467
81 1233 -2.8102
81 1234 1.4187
81 1235 1.0144
81 1236 -1.993
81 1237 1.7888
81 1238 -0.5175
81 1239 -0.4625
81 1240 1.0042
81 1241 -0.4935
81 1242 -0.9338
81 1243 1.8704
81 1244 0.1744
81 1245 0.6816
81 1246 0.0807
81 1247 0.728
81 1248 0.2256
81 1249 -0.1729
81 1250 -0.5484
81 1251 -0.8762
81 1252 -0.4719
81 1253 0.6984
81 1254 -0.9077
81 1255 0.8472
81 1256 0.3462
81 1257 -0.1746
81 1258 0.4386
81 1259 0.437
81 1260 0.3706
81 1261 0.8598
81 1262 -0.234
81 1263 -0.9008
81 1264 -0.6545
81 1265 -0.7295
81 1266 -0.3035
81 1267 -0.5354
81 1268 0.8251
81 1269 -0.479
81 1270 -0.5148
81 1271 -0.6998
81 1272 0.913
81 1273 -0.5116
81 1274 0.5353
81 1275 0.9941
81 1276 -0.6052
81 1277 -0.2586
81 1278 0.806
81 1279 0.8264
81 1280 -0.7002
82 1281 -3.8946
82 1282 0.5501
82 1283 2.8506
82 1284 -1.6948
82 1285 0.6884
82 1286 3.2055
82 1287 -5.859
82 1288 3.9877
82 1289 1.1704
82 1290 -5.7344
82 1291 1.1467
82 1292 1.078
82 1293 -3.2878
82 1294 2.0569
82 1295 0.2035
82 1296 -2.0949
82 1297 -0.6088
82 1298 1.4455
82 1299 0.3724
82 1300 0.6255
82 1301 1.3487
82 1302 -0.5298
82 1303 -0.2118
82 1304 0.0228
82 1305 0.111
82 1306 0.0382
82 1307 -0.1244
82 1308 0.0964
82 1309 -0.1884
82 1310 0.4517
82 1311 -0.4665
82 1312 -0.6014
82 1313 0.0675
82 1314 0.505
82 1315 0.5697
82 1316 1.1776
82 1317 0.2742
82 1318 0.5498
82 1319 -0.4021
82 1320 0.6891
82 1321 0.1718
82 1322 0.4803
82 1323 0.2977
82 1324 -0.4872
82 1325 -0.495
82 1326 -0.0929
82 1327 -0.6808
82 1328 0.0889
82 1329 0.3064
82 1330 0.7921
82 1331 1.146
82 1332 -0.8366
82 1333 0.453
82 1334 0.0598
82 1335 0.0362
82 1336 0.7572
82 1337 0.2773
82 1338 0.5046
82 1339 -0.803
82 1340 0.1047
82 1341 -0.9582
83 1342 0.3959
83 1343 1.0116
83 1344 1.427
83 1345 -1.3489
83 1346 0.9303
83 1347 1.6533
83 1348 -0.1797
83 1349 -0.9622
83 1350 1.5404
83 1351 -1.0076
83 1352 -0.0685
83 1353 0.9836
83 1354 0.7927
83 1355 0.8823
83 1356 2.0212
83 1357 0.2382
83 1358 -0.1098
83 1359 0.3803
83 1360 -0.0757
83 1361 0.7108
83 1362 1.0723
83 1363 0.9935
83 1364 -0.6384
83 1365 -0.5389
83 1366 -0.7025
83 1367 0.1874
83 1368 0.6642
83 1369 -0.9043
83 1370 -0.7526
83 1371 -0.3904
83 1372 0.7425
83 1373 -0.4175
83 1374 -0.6672
83 1375 -0.3419
83 1376 0.3937
83 1377 0.323
83 1378 0.2373
83 1379 0.373
83 1380 -0.4361
83 1381 0.1771
83 1382 -0.4024
83 1383 -1.0516
83 1384 -0.9315
83 1385 -0.2462
83 1386 0.1928
83 1387 0.8251
83 1388 0.3177
83 1389 0.5772
83 1390 0.2752
83 1391 -0.694
83 1392 -0.0022
83 1393 -0.9723
83 1394 -0.1354
83 1395 0.3617
83 1396 0.102
83 1397 -0.6556
83 1398 -0.6774
83 1399 0.5249
83 1400 0.4394
83 1401 0.688
83 1402 -0.6874
84 1403 -1.5308
84 1404 1.3422
84 1405 -1.7092
84 1406 -1.0058
84 1407 0.5578
84 1408 -1.6279
84 1409 0.1363
84 1410 2.5248
84 1411 -1.9469
84 1412 -1.8593
84 1413 0.9064
84 1414 -2.9359
84 1415 -1.3673
84 1416 2.2536
84 1417 -1.3163
84 1418 -0.818
84 1419 1.0785
84 1420 -1.7105
84 1421 -0.0412
84 1422 0.5371
84 1423 -0.1402
84 1424 -0.7922
84 1425 -0.1837
84 1426 -1.479
84 1427 -0.3443
84 1428 -0.7954
84 1429 -0.5864
84 1430 -0.2618
84 1431 -0.2935
84 1432 -0.4247
84 1433 0.779
84 1434 0.6759
84 1435 -0.1108
84 1436 -0.0924
84 1437 0.8088
84 1438 -0.7228
84 1439 0.7764
84 1440 -0.9585
84 1441 -0.0565
84 1442 -0.464
84 1443 0.8845
84 1444 -0.2684
84 1445 0.7658
84 1446 -0.5075
84 1447 0.1846
84 1448 -0.4419
84 1449 -0.5685
84 1450 0.1423
84 1451 -0.3011
84 1452 -0.364
84 1453 0.3923
84 1454 -0.2487
84 1455 0.2475
84 1456 -0.806
84 1457 -0.2193
84 1458 -0.7743
84 1459 -0.3132
84 1460 0.6316
84 1461 -0.0664
84 1462 -0.3588
84 1463 0.9295
85 1464 -1.1855
85 1465 1.1882
85 1466 0.1732
85 1467 -0.1575
85 1468 1.3271
85 1469 1.6402
85 1470 -3.5843
85 1471 3.5771
85 1472 4.1802
85 1473 -4.0567
85 1474 1.5059
85 1475 0.6422
85 1476 -0.704
85 1477 2.590
85 1478 0.8197
85 1479 -1.6285
85 1480 0.4231
85 1481 1.6843
85 1482 0.5788
85 1483 0.1522
85 1484 0.8553
85 1485 -0.1284
85 1486 -0.0382
85 1487 1.5325
85 1488 -0.5377
85 1489 0.4262
85 1490 0.3071
85 1491 -0.7031
85 1492 0.7844
85 1493 0.4829
85 1494 0.8263
85 1495 -0.0955
85 1496 1.2461
85 1497 -0.1919
85 1498 0.860
85 1499 -0.9266
85 1500 0.6555
85 1501 -0.5768
85 1502 0.6907
85 1503 -0.5124
85 1504 -0.532
85 1505 0.6337
85 1506 -0.2347
85 1507 -0.2426
85 1508 1.0482
85 1509 0.1955
85 1510 0.173
85 1511 0.927
85 1512 -0.2134
85 1513 -0.5121
85 1514 0.7594
85 1515 -0.1812
85 1516 -0.1846
85 1517 0.9078
85 1518 0.9306
85 1519 0.1142
85 1520 0.3776
85 1521 -0.8397
85 1522 -0.1617
85 1523 0.4331
85 1524 0.2523
86 1525 -1.2296
86 1526 1.3409
86 1527 1.0166
86 1528 -0.1833
86 1529 0.2565
86 1530 -0.6146
86 1531 -2.2917
86 1532 1.7496
86 1533 3.8363
86 1534 -0.7367
86 1535 1.9282
86 1536 0.7027
86 1537 -1.4369
86 1538 1.9592
86 1539 1.072
86 1540 -1.3086
86 1541 -0.5779
86 1542 0.9452
86 1543 -0.8977
86 1544 0.6284
86 1545 0.5986
86 1546 0.4964
86 1547 0.8694
86 1548 0.8441
86 1549 -0.8254
86 1550 0.8203
86 1551 0.0898
86 1552 -0.1953
86 1553 -0.6745
86 1554 -1.4281
86 1555 -0.5445
86 1556 0.6741
86 1557 -0.5339
86 1558 0.7934
86 1559 0.3143
86 1560 0.4899
86 1561 0.3616
86 1562 0.4222
86 1563 0.0039
86 1564 0.4269
86 1565 0.3459
86 1566 -1.1532
86 1567 0.8195
86 1568 -0.4533
86 1569 -0.724
86 1570 -0.7625
86 1571 0.8521
86 1572 0.8562
86 1573 0.6058
86 1574 0.4412
86 1575 0.014
86 1576 0.2711
86 1577 -0.3143
86 1578 0.9771
86 1579 0.116
86 1580 0.1753
86 1581 0.3127
86 1582 0.4354
86 1583 0.8468
86 1584 -0.9541
86 1585 -0.1773
87 1586 0.0676
87 1587 0.1311
87 1588 1.8221
87 1589 0.633
87 1590 -1.0672
87 1591 1.753
87 1592 0.200
87 1593 -0.6711
87 1594 1.9319
87 1595 0.3689
87 1596 -2.1796
87 1597 2.2685
87 1598 0.6872
87 1599 -0.1271
87 1600 0.3871
87 1601 0.8365
87 1602 0.9966
87 1603 0.8554
87 1604 0.2264
87 1605 0.5597
87 1606 1.550
87 1607 0.4285
87 1608 1.0105
87 1609 0.9784
87 1610 -0.5432
87 1611 -0.8889
87 1612 -0.0167
87 1613 -0.0234
87 1614 0.1023
87 1615 -0.2586
87 1616 -0.2446
87 1617 0.8651
87 1618 0.9934
87 1619 -0.5604
87 1620 -0.5871
87 1621 -0.6876
87 1622 -0.7437
87 1623 -0.2664
87 1624 -0.5577
87 1625 -0.4352
87 1626 -0.2644
87 1627 1.091
87 1628 0.7888
87 1629 -0.9468
87 1630 -0.0809
87 1631 0.705
87 1632 0.1965
87 1633 0.9434
87 1634 -0.5324
87 1635 -0.9986
87 1636 -0.3776
87 1637 -0.1427
87 1638 0.5902
87 1639 -0.3943
87 1640 -0.2704
87 1641 0.8373
87 1642 -0.7865
87 1643 0.366
87 1644 0.2399
87 1645 -0.2874
87 1646 -0.7724
88 1647 -8.7498
88 1648 4.1607
88 1649 -0.3697
88 1650 -3.1558
88 1651 6.742
88 1652 -0.6518
88 1653 -8.849
88 1654 7.6176
88 1655 12.5669
88 1656 -9.4106
88 1657 9.2385
88 1658 -6.5299
88 1659 -4.6802
88 1660 4.1649
88 1661 -4.5689
88 1662 -6.6471
88 1663 -1.3938
88 1664 -11.3172
88 1665 -1.5799
88 1666 -0.541
88 1667 -1.136
88 1668 -0.3534
88 1669 -0.3856
88 1670 -3.9619
88 1671 0.6992
88 1672 -0.6226
88 1673 -2.2125
88 1674 0.2085
88 1675 0.1993
88 1676 -4.037
88 1677 0.349
88 1678 1.2111
88 1679 -2.9084
88 1680 -0.5423
88 1681 -0.261
88 1682 -0.8496
88 1683 -0.5245
88 1684 -0.279
88 1685 -1.839
88 1686 0.4142
88 1687 0.4742
88 1688 -1.2183
88 1689 -0.3661
88 1690 -0.5382
88 1691 0.0639
88 1692 0.3856
88 1693 -0.3529
88 1694 0.1154
88 1695 0.9192
88 1696 0.6853
88 1697 0.7859
88 1698 -0.4987
88 1699 0.8662
88 1700 0.0605
88 1701 -0.6556
88 1702 0.401
88 1703 0.3054
88 1704 0.3934
88 1705 0.7395
88 1706 0.8932
88 1707 0.0013
89 1708 -5.393
89 1709 2.1519
89 1710 6.2088
89 1711 -4.5289
89 1712 2.9459
89 1713 8.7721
89 1714 -10.156
89 1715 8.6107
89 1716 1.0495
89 1717 -7.628
89 1718 3.7336
89 1719 2.4121
89 1720 -4.1861
89 1721 3.1378
89 1722 -0.7634
89 1723 -6.0224
89 1724 -2.6833
89 1725 0.0571
89 1726 -0.5001
89 1727 0.004
89 1728 2.6722
89 1729 -0.2822
89 1730 0.1263
89 1731 1.7653
89 1732 0.4119
89 1733 0.7774
89 1734 1.5469
89 1735 0.9715
89 1736 -0.7571
89 1737 0.1915
89 1738 -0.0805
89 1739 -0.4792
89 1740 -0.6704
89 1741 -0.464
89 1742 0.3301
89 1743 1.2021
89 1744 0.4667
89 1745 -0.1518
89 1746 0.3609
89 1747 0.7168
89 1748 0.9103
89 1749 -0.0163
89 1750 -0.0671
89 1751 -0.5567
89 1752 0.542
89 1753 -0.4165
89 1754 0.8078
89 1755 0.356
89 1756 0.4102
89 1757 0.8309
89 1758 0.4129
89 1759 -0.1337
89 1760 -0.0584
89 1761 0.2136
89 1762 0.228
89 1763 -0.2897
89 1764 -0.4841
89 1765 -0.192
89 1766 -0.3889
89 1767 -0.0593
89 1768 -0.6805
90 1769 0.6425
90 1770 -2.0835
90 1771 2.2888
90 1772 0.8092
90 1773 -1.8953
90 1774 1.3377
90 1775 -0.6036
90 1776 -1.7353
90 1777 0.2656
90 1778 0.6034
90 1779 -1.071
90 1780 4.5488
90 1781 -0.3395
90 1782 -2.2564
90 1783 1.6112
90 1784 1.4674
90 1785 -0.6006
90 1786 1.1819
90 1787 -0.6776
90 1788 -0.4474
90 1789 -0.1594
90 1790 -0.5458
90 1791 -0.1949
90 1792 -0.5848
90 1793 0.0655
90 1794 -0.9536
90 1795 1.8354
90 1796 0.0375
90 1797 -0.3612
90 1798 1.3945
90 1799 -0.4227
90 1800 0.2243
90 1801 0.3793
90 1802 -0.6406
90 1803 -0.4272
90 1804 0.8343
90 1805 -0.0237
90 1806 -0.9933
90 1807 1.0369
90 1808 0.9395
90 1809 0.4889
90 1810 0.9509
90 1811 -0.8924
90 1812 -0.7291
90 1813 0.2334
90 1814 -0.863
90 1815 0.8562
90 1816 0.5449
90 1817 -0.9366
90 1818 -0.1739
90 1819 0.6981
90 1820 -0.1148
90 1821 -0.9057
90 1822 0.5933
90 1823 -0.6075
90 1824 -0.1313
90 1825 0.1604
90 1826 0.6926
90 1827 0.2317
90 1828 -0.9177
90 1829 -0.8523
91 1830 -0.1658
91 1831 0.4284
91 1832 -2.3778
91 1833 -0.4458
91 1834 -0.8662
91 1835 -1.0719
91 1836 0.9732
91 1837 0.1494
91 1838 -1.6336
91 1839 -1.8878
91 1840 1.4679
91 1841 -2.8527
91 1842 -0.3844
91 1843 2.1793
91 1844 -0.6509
91 1845 -0.7414
91 1846 0.9122
91 1847 -2.0441
91 1848 0.3201
91 1849 -1.0658
91 1850 -1.1376
91 1851 -0.0893
91 1852 -0.3622
91 1853 0.8356
91 1854 0.0877
91 1855 0.3517
91 1856 -1.1514
91 1857 0.1032
91 1858 0.401
91 1859 -0.8531
91 1860 -0.7439
91 1861 0.5964
91 1862 0.3769
91 1863 0.8238
91 1864 -0.1302
91 1865 0.3392
91 1866 -0.3895
91 1867 -0.7753
91 1868 -0.4724
91 1869 -0.1179
91 1870 0.4139
91 1871 -0.3841
91 1872 -0.3977
91 1873 0.3796
91 1874 0.7064
91 1875 0.8919
91 1876 0.5643
91 1877 -0.7659
91 1878 -0.6775
91 1879 -0.8769
91 1880 0.3916
91 1881 0.1673
91 1882 -0.2139
91 1883 0.8224
91 1884 0.9754
91 1885 -0.8154
91 1886 0.8559
91 1887 -0.4013
91 1888 0.6567
91 1889 0.4396
91 1890 0.4088
92 1891 -1.5322
92 1892 0.755
92 1893 1.9215
92 1894 0.1506
92 1895 0.9165
92 1896 1.5078
92 1897 -1.8925
92 1898 0.2972
92 1899 1.8545
92 1900 -1.8794
92 1901 -0.4041
92 1902 1.435
92 1903 0.2097
92 1904 -0.3678
92 1905 -0.1848
92 1906 -1.2963
92 1907 0.0359
92 1908 0.1662
92 1909 -0.2237
92 1910 -0.3627
92 1911 -1.1426
92 1912 0.1558
92 1913 -0.4081
92 1914 0.1956
92 1915 -0.4969
92 1916 -0.889
92 1917 0.7295
92 1918 0.4292
92 1919 0.3513
92 1920 -0.1987
92 1921 -0.2799
92 1922 -0.3573
92 1923 0.3755
92 1924 0.8788
92 1925 0.6519
92 1926 0.3737
92 1927 -0.890
92 1928 0.7715
92 1929 -0.2751
92 1930 0.8447
92 1931 0.0152
92 1932 -0.8782
92 1933 0.7208
92 1934 0.6368
92 1935 -0.8436
92 1936 -0.3477
92 1937 -0.852
92 1938 -0.0308
92 1939 -0.8993
92 1940 -0.654
92 1941 -0.8088
92 1942 0.0708
92 1943 -0.4304
92 1944 0.9253
92 1945 -0.7546
92 1946 -0.5764
92 1947 0.0443
92 1948 0.3003
92 1949 -0.4095
92 1950 -0.4126
92 1951 -0.3472
93 1952 -0.4932
93 1953 0.5819
93 1954 -2.7227
93 1955 -1.142
93 1956 -0.0566
93 1957 0.0465
93 1958 1.4954
93 1959 0.3847
93 1960 -1.8968
93 1961 0.5861
93 1962 0.0753
93 1963 -1.3647
93 1964 0.4319
93 1965 0.3216
93 1966 -2.0565
93 1967 -0.7475
93 1968 0.1203
93 1969 -1.1554
93 1970 -0.6492
93 1971 -0.1726
93 1972 -1.0507
93 1973 -0.8648
93 1974 -0.2629
93 1975 -0.5238
93 1976 -0.2548
93 1977 -0.5803
93 1978 0.2666
93 1979 0.7406
93 1980 -0.0624
93 1981 -0.8035
93 1982 -0.4356
93 1983 0.1777
93 1984 0.7059
93 1985 -0.0575
93 1986 0.2327
93 1987 -1.0317
93 1988 0.1865
93 1989 0.5823
93 1990 -0.3726
93 1991 0.2546
93 1992 -0.0572
93 1993 0.9748
93 1994 0.6094
93 1995 0.9454
93 1996 -0.2524
93 1997 -0.841
93 1998 0.9094
93 1999 0.9976
93 2000 0.3769
93 2001 -0.786
93 2002 0.6797
93 2003 0.4295
93 2004 -0.9802
93 2005 -0.1463
93 2006 -0.4398
93 2007 -0.6695
93 2008 0.7315
93 2009 0.7168
93 2010 -0.7152
93 2011 0.282
93 2012 0.2466
94 2013 3.5541
94 2014 -0.8228
94 2015 -0.7885
94 2016 3.1327
94 2017 -1.2249
94 2018 -1.7434
94 2019 2.2919
94 2020 -3.4813
94 2021 -3.1642
94 2022 4.9032
94 2023 -1.416
94 2024 -0.6053
94 2025 1.4746
94 2026 -2.2899
94 2027 0.6915
94 2028 1.9218
94 2029 0.0719
94 2030 -0.7554
94 2031 0.769
94 2032 -0.1139
94 2033 -1.2339
94 2034 -0.1314
94 2035 -0.7949
94 2036 -1.3425
94 2037 1.2766
94 2038 -0.6235
94 2039 -0.9295
94 2040 -0.2496
94 2041 0.1788
94 2042 -0.8226
94 2043 0.5718
94 2044 -0.2862
94 2045 -0.1334
94 2046 -0.8374
94 2047 0.3959
94 2048 0.8374
94 2049 0.7764
94 2050 0.6826
94 2051 0.8643
94 2052 0.4684
94 2053 0.5687
94 2054 0.1753
94 2055 0.0159
94 2056 0.1769
94 2057 -1.219
94 2058 -0.8231
94 2059 -0.9826
94 2060 0.7265
94 2061 0.8344
94 2062 -0.4292
94 2063 -0.1182
94 2064 0.4598
94 2065 -0.2229
94 2066 -0.9898
94 2067 0.051
94 2068 0.3253
94 2069 -0.0597
94 2070 0.8792
94 2071 0.1236
94 2072 -0.9479
94 2073 0.8822
95 2074 -1.7858
95 2075 2.4143
95 2076 -1.3115
95 2077 -0.0759
95 2078 2.6378
95 2079 -2.3494
95 2080 -1.4196
95 2081 5.1702
95 2082 -3.1876
95 2083 -2.424
95 2084 3.8106
95 2085 -5.6634
95 2086 -1.0802
95 2087 4.4544
95 2088 -2.5155
95 2089 -1.3581
95 2090 1.7703
95 2091 -2.9308
95 2092 -1.0606
95 2093 0.5994
95 2094 -3.0055
95 2095 -0.6903
95 2096 0.2024
95 2097 -1.759
95 2098 -0.9614
95 2099 0.5405
95 2100 -1.1829
95 2101 0.1987
95 2102 0.0236
95 2103 -1.8323
95 2104 -0.1815
95 2105 -0.3436
95 2106 0.709
95 2107 0.7375
95 2108 -0.4992
95 2109 -0.9396
95 2110 0.2968
95 2111 0.2503
95 2112 -1.0325
95 2113 0.151
95 2114 -0.8612
95 2115 0.2898
95 2116 -0.8806
95 2117 0.1762
95 2118 -0.3004
95 2119 0.7553
95 2120 -0.6727
95 2121 -0.4437
95 2122 0.253
95 2123 0.3803
95 2124 0.2437
95 2125 0.1765
95 2126 -0.9622
95 2127 0.910
95 2128 -0.7071
95 2129 0.4227
95 2130 -0.094
95 2131 0.4277
95 2132 -0.9372
95 2133 0.8026
95 2134 0.3381
96 2135 -1.4096
96 2136 0.2986
96 2137 -1.0152
96 2138 1.1938
96 2139 0.6408
96 2140 -0.6905
96 2141 1.660
96 2142 0.7557
96 2143 -3.6185
96 2144 0.3477
96 2145 -0.9938
96 2146 -2.1146
96 2147 1.2323
96 2148 0.4628
96 2149 1.4141
96 2150 0.8987
96 2151 0.3307
96 2152 -1.1133
96 2153 0.6075
96 2154 -0.8099
96 2155 -0.269
96 2156 -1.1792
96 2157 0.1567
96 2158 0.259
96 2159 0.3031
96 2160 0.4907
96 2161 0.0742
96 2162 0.4172
96 2163 -0.8164
96 2164 0.4445
96 2165 -0.7156
96 2166 0.5509
96 2167 -0.1695
96 2168 -0.3554
96 2169 -0.8504
96 2170 -0.0096
96 2171 0.7138
96 2172 -0.9159
96 2173 0.9706
96 2174 0.6712
96 2175 -0.2052
96 2176 -0.6693
96 2177 -0.9944
96 2178 -0.4212
96 2179 -0.6594
96 2180 0.2183
96 2181 0.1099
96 2182 -0.3864
96 2183 0.3665
96 2184 -0.5897
96 2185 0.6342
96 2186 -0.7926
96 2187 0.6487
96 2188 0.4761
96 2189 0.2191
96 2190 -0.5412
96 2191 0.8465
96 2192 0.2897
96 2193 -0.9637
96 2194 -0.4311
96 2195 0.124
97 2196 -1.7637
97 2197 0.7515
97 2198 -0.2295
97 2199 -1.3489
97 2200 1.5513
97 2201 1.3436
97 2202 -1.5045
97 2203 1.2701
97 2204 2.9083
97 2205 -0.0704
97 2206 -0.2974
97 2207 3.6737
97 2208 -0.5718
97 2209 0.6092
97 2210 1.4167
97 2211 0.3642
97 2212 0.8423
97 2213 1.619
97 2214 -0.0987
97 2215 -0.0153
97 2216 -0.8365
97 2217 0.873
97 2218 0.5435
97 2219 -0.7177
97 2220 -0.8422
97 2221 -0.907
97 2222 -0.6734
97 2223 0.3715
97 2224 0.0988
97 2225 -0.8185
97 2226 -0.6467
97 2227 0.2576
97 2228 0.8368
97 2229 0.1047
97 2230 -0.9348
97 2231 0.533
97 2232 -0.833
97 2233 -0.6488
97 2234 -0.2848
97 2235 -0.4477
97 2236 -0.9551
97 2237 -0.9585
97 2238 0.8946
97 2239 0.8077
97 2240 0.1095
97 2241 -0.390
97 2242 0.142
97 2243 -0.7074
97 2244 0.1857
97 2245 -0.1484
97 2246 0.1486
97 2247 -0.9321
97 2248 0.4105
97 2249 0.0442
97 2250 -0.6139
97 2251 0.1905
97 2252 -0.5527
97 2253 0.4124
97 2254 -0.6434
97 2255 0.4648
97 2256 0.197
98 2257 -0.1043
98 2258 0.3932
98 2259 2.7489
98 2260 1.2548
98 2261 -0.6689
98 2262 3.6971
98 2263 0.107
98 2264 0.187
98 2265 2.7581
98 2266 0.7566
98 2267 0.0466
98 2268 0.1686
98 2269 0.5124
98 2270 -0.5764
98 2271 0.037
98 2272 1.0115
98 2273 0.9739
98 2274 -0.5163
98 2275 -0.8006
98 2276 -0.4177
98 2277 -2.4436
98 2278 -1.031
98 2279 0.710
98 2280 -2.8635
98 2281 -0.0253
98 2282 -0.7757
98 2283 -1.8764
98 2284 -0.8999
98 2285 0.1663
98 2286 -1.1824
98 2287 0.0692
98 2288 0.6858
98 2289 -0.3012
98 2290 0.8465
98 2291 -0.922
98 2292 -0.6607
98 2293 0.0442
98 2294 0.4347
98 2295 -0.8353
98 2296 -0.4509
98 2297 0.184
98 2298 -0.2647
98 2299 0.6659
98 2300 -0.5915
98 2301 -0.3177
98 2302 0.4397
98 2303 -0.3955
98 2304 -0.4231
98 2305 -0.8615
98 2306 -0.3776
98 2307 0.8152
98 2308 -0.9706
98 2309 -0.1034
98 2310 -0.3661
98 2311 0.2154
98 2312 -0.9024
98 2313 -0.8472
98 2314 0.4236
98 2315 0.7021
98 2316 0.6045
98 2317 0.4358
99 2318 0.1543
99 2319 0.7115
99 2320 -0.8804
99 2321 0.4199
99 2322 0.3912
99 2323 -1.834
99 2324 1.8097
99 2325 -0.2963
99 2326 -1.9315
99 2327 0.8741
99 2328 1.6623
99 2329 -1.3709
99 2330 1.2579
99 2331 0.0769
99 2332 -0.2122
99 2333 0.5179
99 2334 0.6324
99 2335 -1.5613
99 2336 0.8345
99 2337 0.3212
99 2338 -1.1124
99 2339 -0.0507
99 2340 -0.2019
99 2341 -1.3508
99 2342 -0.5189
99 2343 0.9486
99 2344 -0.5686
99 2345 -0.969
99 2346 0.4592
99 2347 0.8161
99 2348 -0.6312
99 2349 -0.0173
99 2350 0.1756
99 2351 -0.5499
99 2352 -0.5877
99 2353 -0.9657
99 2354 -0.3223
99 2355 -0.308
99 2356 0.0397
99 2357 -0.6387
99 2358 -0.8979
99 2359 -0.7118
99 2360 0.1264
99 2361 0.5567
99 2362 -0.0019
99 2363 0.2723
99 2364 -0.7402
99 2365 -0.569
99 2366 0.183
99 2367 -0.1778
99 2368 -0.2334
99 2369 -0.4704
99 2370 -0.6114
99 2371 0.9301
99 2372 -0.3428
99 2373 -0.8695
99 2374 -0.4321
99 2375 -0.8853
99 2376 0.5847
99 2377 -0.1059
99 2378 0.5559
100 2379 -1.0512
100 2380 1.165
100 2381 -0.4718
100 2382 -1.3442
100 2383 -0.1821
100 2384 1.129
100 2385 -0.8014
100 2386 1.7626
100 2387 1.498
100 2388 -0.4938
100 2389 0.096
100 2390 2.9477
100 2391 -0.7001
100 2392 0.9714
100 2393 1.2997
100 2394 -0.4489
100 2395 -0.741
100 2396 0.6365
100 2397 -0.8813
100 2398 0.3221
100 2399 -1.7788
100 2400 1.0422
100 2401 0.8051
100 2402 1.5837
100 2403 -1.0423
100 2404 1.0615
100 2405 0.8483
100 2406 -0.7591
100 2407 0.7459
100 2408 -0.4673
100 2409 0.5509
100 2410 -0.0019
100 2411 -0.3654
100 2412 0.4783
100 2413 0.8442
100 2414 -0.8337
100 2415 -0.9106
100 2416 -0.1434
100 2417 0.5792
100 2418 0.7086
100 2419 0.9076
100 2420 -0.9239
100 2421 -0.6078
100 2422 0.9083
100 2423 -1.0595
100 2424 0.1964
100 2425 0.2838
100 2426 0.4423
100 2427 0.4297
100 2428 -0.0278
100 2429 -0.0054
100 2430 0.6686
100 2431 -0.6979
100 2432 -0.3704
100 2433 -0.7015
100 2434 0.092
100 2435 0.0477
100 2436 -0.8105
100 2437 0.8599
100 2438 0.1298
100 2439 -0.1663
101 2440 0.9599
101 2441 -2.8444
101 2442 2.4342
101 2443 -0.5753
101 2444 -3.7754
101 2445 2.0749
101 2446 1.0195
101 2447 -2.7834
101 2448 0.2755
101 2449 2.1628
101 2450 -2.8952
101 2451 4.3685
101 2452 -0.2759
101 2453 -2.4224
101 2454 1.1909
101 2455 0.6112
101 2456 -1.213
101 2457 1.9343
101 2458 0.0522
101 2459 -0.0197
101 2460 -0.9498
101 2461 0.9133
101 2462 -0.6018
101 2463 1.290
101 2464 1.0608
101 2465 0.788
101 2466 1.6645
101 2467 0.5017
101 2468 -0.1255
101 2469 0.6196
101 2470 -0.2368
101 2471 -0.8378
101 2472 -0.589
101 2473 0.9531
101 2474 -0.3055
101 2475 -0.2249
101 2476 0.4067
101 2477 0.6102
101 2478 0.4356
101 2479 0.7419
101 2480 -0.8615
101 2481 0.3895
101 2482 0.5118
101 2483 -0.7279
101 2484 -0.129
101 2485 0.1588
101 2486 -0.2608
101 2487 0.8315
101 2488 0.1085
101 2489 -0.188
101 2490 -0.3337
101 2491 -0.1932
101 2492 0.5138
101 2493 -0.1493
101 2494 0.421
101 2495 0.8286
101 2496 -0.2403
101 2497 -0.6503
101 2498 -0.2182
101 2499 0.4179
101 2500 0.2717
102 2501 -1.0285
102 2502 0.7172
102 2503 -1.5592
102 2504 -0.3355
102 2505 2.4543
102 2506 -1.8549
102 2507 0.5114
102 2508 2.9752
102 2509 -2.0613
102 2510 -1.4082
102 2511 2.1078
102 2512 -3.1722
102 2513 -0.829
102 2514 2.9661
102 2515 -1.3349
102 2516 -0.8898
102 2517 1.3523
102 2518 -2.0105
102 2519 0.239
102 2520 0.8855
102 2521 -1.832
102 2522 0.739
102 2523 0.5279
102 2524 -1.7546
102 2525 -0.6767
102 2526 0.6534
102 2527 -0.7709
102 2528 0.2994
102 2529 -0.028
102 2530 -0.377
102 2531 -0.0905
102 2532 -0.6192
102 2533 -0.1703
102 2534 0.9031
102 2535 0.6194
102 2536 -0.1283
102 2537 -0.5509
102 2538 0.8041
102 2539 0.2103
102 2540 -0.486
102 2541 -0.4288
102 2542 -0.4562
102 2543 0.2916
102 2544 0.5184
102 2545 0.7358
102 2546 -0.7024
102 2547 -0.0461
102 2548 0.1037
102 2549 0.2399
102 2550 -0.2485
102 2551 -0.9523
102 2552 0.6161
102 2553 0.089
102 2554 -0.6662
102 2555 0.4943
102 2556 0.7878
102 2557 0.5923
102 2558 0.2571
102 2559 0.9798
102 2560 -0.1423
102 2561 0.7894
103 2562 2.3747
103 2563 -3.8919
103 2564 3.0254
103 2565 0.4651
103 2566 -6.6407
103 2567 2.1111
103 2568 3.6902
103 2569 -5.6013
103 2570 -0.8501
103 2571 4.4342
103 2572 -4.6232
103 2573 10.1438
103 2574 2.1294
103 2575 -3.4303
103 2576 4.0448
103 2577 1.871
103 2578 -1.1166
103 2579 3.5784
103 2580 -0.5615
103 2581 0.4915
103 2582 0.666
103 2583 0.2528
103 2584 0.7643
103 2585 0.3247
103 2586 -0.5518
103 2587 0.4097
103 2588 2.4767
103 2589 -0.8453
103 2590 0.9745
103 2591 1.7998
103 2592 0.7965
103 2593 1.0976
103 2594 -0.2389
103 2595 0.7656
103 2596 -0.1365
103 2597 -0.2844
103 2598 -1.0177
103 2599 0.4611
103 2600 1.6634
103 2601 -0.3799
103 2602 0.0676
103 2603 -1.3114
103 2604 0.1165
103 2605 0.3462
103 2606 -0.8802
103 2607 0.4979
103 2608 0.5379
103 2609 0.0302
103 2610 -0.7433
103 2611 -0.5358
103 2612 -0.2082
103 2613 0.5763
103 2614 -0.3997
103 2615 0.3776
103 2616 0.1886
103 2617 0.3336
103 2618 -0.377
103 2619 0.8183
103 2620 0.9303
103 2621 0.6027
103 2622 -0.4012
104 2623 2.8582
104 2624 -0.9068
104 2625 -0.0033
104 2626 0.4965
104 2627 -0.7749
104 2628 -1.2036
104 2629 2.6999
104 2630 -1.9405
104 2631 -2.5383
104 2632 3.5125
104 2633 -0.0005
104 2634 -0.9784
104 2635 0.6835
104 2636 -1.1361
104 2637 0.2508
104 2638 1.578
104 2639 0.3358
104 2640 -1.2187
104 2641 1.0228
104 2642 -0.7996
104 2643 -1.5263
104 2644 0.5942
104 2645 -0.6763
104 2646 -1.7196
104 2647 -0.707
104 2648 0.3542
104 2649 -1.3558
104 2650 0.1002
104 2651 -0.1465
104 2652 -0.0887
104 2653 0.6861
104 2654 0.7635
104 2655 -0.1537
104 2656 0.7862
104 2657 -0.9912
104 2658 0.0015
104 2659 -0.0134
104 2660 0.5602
104 2661 -0.2512
104 2662 0.4423
104 2663 -0.7577
104 2664 0.8754
104 2665 -0.8504
104 2666 0.3107
104 2667 0.3491
104 2668 -0.2256
104 2669 -0.2527
104 2670 0.5738
104 2671 -0.1691
104 2672 -0.4123
104 2673 -0.1392
104 2674 0.8766
104 2675 0.5543
104 2676 0.2605
104 2677 0.2833
104 2678 0.8638
104 2679 0.9924
104 2680 0.3248
104 2681 -0.1313
104 2682 -0.0766
104 2683 0.1521
105 2684 -3.923
105 2685 3.7153
105 2686 -1.4663
105 2687 -1.119
105 2688 2.6491
105 2689 -1.9358
105 2690 -3.0811
105 2691 8.6928
105 2692 -4.9061
105 2693 -5.5797
105 2694 6.2131
105 2695 -2.7228
105 2696 -0.2414
105 2697 7.8872
105 2698 -4.0959
105 2699 -4.6329
105 2700 1.5889
105 2701 -4.7291
105 2702 -1.2806
105 2703 0.420
105 2704 -3.4315
105 2705 0.6448
105 2706 0.3032
105 2707 -1.9787
105 2708 0.432
105 2709 0.7191
105 2710 -1.6644
105 2711 -0.4242
105 2712 0.0722
105 2713 0.0195
105 2714 -0.4279
105 2715 -0.4652
105 2716 -0.2694
105 2717 0.9417
105 2718 -0.815
105 2719 -0.8649
105 2720 -0.6422
105 2721 0.8647
105 2722 -0.540
105 2723 0.0045
105 2724 0.7687
105 2725 -0.5278
105 2726 0.6689
105 2727 0.732
105 2728 0.5074
105 2729 -0.3196
105 2730 0.7459
105 2731 0.5567
105 2732 0.5705
105 2733 0.7193
105 2734 -0.3086
105 2735 -0.7186
105 2736 0.7701
105 2737 -0.5812
105 2738 -0.746
105 2739 0.9546
105 2740 0.0717
105 2741 0.4629
105 2742 0.3004
105 2743 -0.9053
105 2744 0.8647
106 2745 -2.0142
106 2746 2.8243
106 2747 -1.5048
106 2748 0.3921
106 2749 2.0145
106 2750 -2.5224
106 2751 -0.5831
106 2752 4.7491
106 2753 -3.3147
106 2754 -3.8907
106 2755 3.0739
106 2756 -5.1011
106 2757 -1.5909
106 2758 4.7494
106 2759 -2.7646
106 2760 -1.1925
106 2761 -0.2508
106 2762 -3.7558
106 2763 -0.1913
106 2764 -0.7441
106 2765 -1.2244
106 2766 -0.6169
106 2767 -0.4092
106 2768 -2.1077
106 2769 -0.7098
106 2770 0.9173
106 2771 -1.8613
106 2772 0.3781
106 2773 -0.861
106 2774 -0.1006
106 2775 -0.7748
106 2776 1.0724
106 2777 0.6414
106 2778 -0.0953
106 2779 -1.0003
106 2780 -0.0971
106 2781 1.1205
106 2782 0.9437
106 2783 -0.5591
106 2784 0.3759
106 2785 0.7937
106 2786 0.0437
106 2787 0.2706
106 2788 -0.7515
106 2789 0.1945
106 2790 0.9511
106 2791 1.1074
106 2792 0.3288
106 2793 0.6349
106 2794 0.8669
106 2795 1.2403
106 2796 0.4322
106 2797 -0.1619
106 2798 -0.8037
106 2799 -0.8271
106 2800 -0.3459
106 2801 0.8841
106 2802 0.4068
106 2803 0.2237
106 2804 -0.7999
106 2805 0.0167
107 2806 -3.5722
107 2807 1.6797
107 2808 -4.3507
107 2809 -2.0432
107 2810 2.2561
107 2811 3.1978
107 2812 -4.0182
107 2813 5.3477
107 2814 14.0923
107 2815 -6.8052
107 2816 4.5863
107 2817 -2.6191
107 2818 0.1742
107 2819 4.9438
107 2820 -3.5864
107 2821 -4.588
107 2822 -0.7486
107 2823 -1.4801
107 2824 -1.9106
107 2825 1.9804
107 2826 2.5185
107 2827 1.902
107 2828 -0.1395
107 2829 1.8445
107 2830 -0.0025
107 2831 0.9638
107 2832 4.8408
107 2833 0.9515
107 2834 0.6878
107 2835 -1.1573
107 2836 -0.190
107 2837 -0.1108
107 2838 2.1948
107 2839 0.3499
107 2840 -0.7197
107 2841 -1.315
107 2842 0.1923
107 2843 0.7084
107 2844 -0.843
107 2845 0.9588
107 2846 -0.2254
107 2847 -1.4754
107 2848 0.1016
107 2849 0.5944
107 2850 1.3168
107 2851 0.8986
107 2852 -0.4368
107 2853 0.4507
107 2854 -0.4299
107 2855 -0.9487
107 2856 0.7798
107 2857 -0.9801
107 2858 -0.3541
107 2859 0.0424
107 2860 0.4451
107 2861 -0.5582
107 2862 0.6285
107 2863 -0.0261
107 2864 0.3669
107 2865 0.8467
107 2866 -0.4129
108 2867 3.0507
108 2868 -2.0822
108 2869 0.0687
108 2870 1.6771
108 2871 -2.6956
108 2872 -1.5287
108 2873 1.6301
108 2874 -4.5919
108 2875 -2.4105
108 2876 4.8621
108 2877 -4.032
108 2878 -3.3253
108 2879 1.9915
108 2880 -4.6068
108 2881 2.7853
108 2882 1.3952
108 2883 -0.2248
108 2884 -0.4198
108 2885 -0.6706
108 2886 -1.0583
108 2887 1.8941
108 2888 -1.4877
108 2889 -0.5871
108 2890 -2.2348
108 2891 -0.2262
108 2892 -0.291
108 2893 -1.5873
108 2894 0.3861
108 2895 -0.8006
108 2896 0.9054
108 2897 0.2973
108 2898 0.5063
108 2899 -1.2811
108 2900 -0.7394
108 2901 0.9809
108 2902 -0.6269
108 2903 0.282
108 2904 0.329
108 2905 2.3496
108 2906 0.6656
108 2907 -0.5575
108 2908 1.3401
108 2909 -0.0518
108 2910 0.5334
108 2911 -1.4312
108 2912 -0.2762
108 2913 -0.966
108 2914 -0.5332
108 2915 -0.7855
108 2916 -0.9566
108 2917 -0.4635
108 2918 0.3588
108 2919 -0.1074
108 2920 -0.2824
108 2921 -0.7607
108 2922 0.9572
108 2923 -0.7678
108 2924 0.1649
108 2925 -0.7148
108 2926 -0.8759
108 2927 -0.8894
109 2928 -1.7787
109 2929 0.4024
109 2930 -2.0316
109 2931 -0.7054
109 2932 1.344
109 2933 -1.2446
109 2934 -0.4095
109 2935 0.7535
109 2936 -1.473
109 2937 -0.6462
109 2938 1.1318
109 2939 -3.2117
109 2940 0.0226
109 2941 1.8072
109 2942 -0.8751
109 2943 -1.7963
109 2944 -0.0767
109 2945 -0.8879
109 2946 -0.5706
109 2947 0.041
109 2948 -0.463
109 2949 -0.5682
109 2950 -0.5811
109 2951 -0.5398
109 2952 0.6682
109 2953 -0.1699
109 2954 -0.8951
109 2955 0.4492
109 2956 0.7065
109 2957 -1.0508
109 2958 0.2215
109 2959 -0.6735
109 2960 -0.7731
109 2961 -0.6994
109 2962 0.5126
109 2963 -0.7074
109 2964 0.1098
109 2965 0.1384
109 2966 -0.4527
109 2967 0.3622
109 2968 -0.7789
109 2969 -0.2484
109 2970 0.6518
109 2971 -0.001
109 2972 0.4196
109 2973 -0.1386
109 2974 -0.718
109 2975 -0.456
109 2976 -0.8803
109 2977 0.1466
109 2978 0.0293
109 2979 0.5984
109 2980 0.8279
109 2981 0.5078
109 2982 -0.9877
109 2983 -0.8979
109 2984 -0.2716
109 2985 0.9066
109 2986 0.334
109 2987 -0.3525
109 2988 0.9303
110 2989 -1.9046
110 2990 5.5409
110 2991 -0.781
110 2992 -1.1173
110 2993 9.103
110 2994 4.9062
110 2995 -5.2913
110 2996 5.2576
110 2997 12.3621
110 2998 -5.9996
110 2999 9.8897
110 3000 -8.6872
110 3001 -1.8265
110 3002 6.8449
110 3003 -3.0255
110 3004 -3.206
110 3005 0.3679
110 3006 -3.6654
110 3007 0.2688
110 3008 -0.3906
110 3009 0.8469
110 3010 0.2562
110 3011 -1.7215
110 3012 5.7328
110 3013 0.0617
110 3014 -0.1367
110 3015 -4.4326
110 3016 0.8561
110 3017 -0.6667
110 3018 -3.4327
110 3019 0.5625
110 3020 0.3482
110 3021 -1.1424
110 3022 -0.8889
110 3023 -0.3558
110 3024 -1.9476
110 3025 -0.5036
110 3026 0.0923
110 3027 -1.6193
110 3028 -0.5619
110 3029 -0.5798
110 3030 -0.1991
110 3031 0.5343
110 3032 0.3468
110 3033 0.9398
110 3034 -0.0065
110 3035 -0.540
110 3036 0.4848
110 3037 -0.7764
110 3038 -0.2782
110 3039 1.0162
110 3040 0.078
110 3041 0.3891
110 3042 -0.6711
110 3043 -0.7009
110 3044 0.4437
110 3045 -0.9205
110 3046 -0.5985
110 3047 -0.2367
110 3048 -0.188
110 3049 0.6575
111 3050 0.3071
111 3051 -1.0691
111 3052 -0.8292
111 3053 0.8761
111 3054 -0.6102
111 3055 2.3896
111 3056 0.389
111 3057 -2.8837
111 3058 4.3871
111 3059 0.9762
111 3060 -1.372
111 3061 -0.2117
111 3062 -0.7142
111 3063 -0.4915
111 3064 -0.8982
111 3065 -0.052
111 3066 -0.7186
111 3067 0.4501
111 3068 0.0453
111 3069 1.1376
111 3070 2.3173
111 3071 1.2476
111 3072 0.7747
111 3073 -0.0368
111 3074 -0.7039
111 3075 -0.4995
111 3076 1.5492
111 3077 -0.613
111 3078 -0.6019
111 3079 0.4126
111 3080 0.4522
111 3081 -0.464
111 3082 0.1804
111 3083 0.5741
111 3084 -0.7794
111 3085 1.0063
111 3086 0.9269
111 3087 -0.4636
111 3088 0.6877
111 3089 -0.1681
111 3090 -0.2435
111 3091 -0.6278
111 3092 -0.9115
111 3093 -0.7534
111 3094 0.174
111 3095 0.5253
111 3096 0.5611
111 3097 0.7294
111 3098 -0.277
111 3099 -0.1101
111 3100 -0.8302
111 3101 0.9914
111 3102 -0.455
111 3103 0.4121
111 3104 -0.3882
111 3105 -0.9253
111 3106 -0.7264
111 3107 -0.7547
111 3108 -0.5151
111 3109 -0.8796
111 3110 -0.1149
112 3111 -2.2191
112 3112 -0.0543
112 3113 -2.1702
112 3114 -1.2968
112 3115 0.6765
112 3116 -2.3303
112 3117 -1.4159
112 3118 2.1153
112 3119 -1.9097
112 3120 -2.2158
112 3121 2.7488
112 3122 -2.1248
112 3123 -0.7694
112 3124 1.1289
112 3125 -1.7266
112 3126 -1.5374
112 3127 -1.0053
112 3128 -2.0348
112 3129 0.0722
112 3130 0.8623
112 3131 -0.2132
112 3132 -0.9375
112 3133 -0.082
112 3134 -0.3602
112 3135 -0.6967
112 3136 0.5867
112 3137 -0.9519
112 3138 0.9141
112 3139 -0.335
112 3140 0.0375
112 3141 -0.7475
112 3142 -0.4618
112 3143 0.370
112 3144 -0.9072
112 3145 0.5863
112 3146 0.8205
112 3147 0.7231
112 3148 0.0637
112 3149 0.0173
112 3150 0.812
112 3151 0.8738
112 3152 0.2577
112 3153 0.8136
112 3154 0.757
112 3155 0.4336
112 3156 -0.9951
112 3157 -0.1327
112 3158 0.7808
112 3159 0.4033
112 3160 0.8622
112 3161 -0.4025
112 3162 0.3022
112 3163 0.3373
112 3164 0.5427
112 3165 0.3666
112 3166 0.6773
112 3167 0.034
112 3168 -0.7291
112 3169 -0.1251
112 3170 0.350
112 3171 0.8584
113 3172 2.9314
113 3173 -1.3705
113 3174 0.2747
113 3175 1.4576
113 3176 -1.7236
113 3177 0.7789
113 3178 1.7777
113 3179 -1.9924
113 3180 -6.3819
113 3181 3.9875
113 3182 -2.255
113 3183 0.0561
113 3184 -0.4147
113 3185 -2.6297
113 3186 2.6697
113 3187 1.418
113 3188 -0.0517
113 3189 -0.3605
113 3190 -0.3882
113 3191 -0.9103
113 3192 -0.9011
113 3193 -0.6837
113 3194 -0.3552
113 3195 -2.995
113 3196 1.0057
113 3197 0.4572
113 3198 -0.6549
113 3199 -0.791
113 3200 0.7769
113 3201 0.3052
113 3202 0.4674
113 3203 -0.0961
113 3204 -1.9954
113 3205 0.3553
113 3206 0.9694
113 3207 1.1811
113 3208 -1.0664
113 3209 0.8776
113 3210 -0.1093
113 3211 0.9403
113 3212 0.3109
113 3213 0.6916
113 3214 -0.5632
113 3215 -0.7584
113 3216 -0.0783
113 3217 0.9989
113 3218 -0.9184
113 3219 0.3465
113 3220 0.4283
113 3221 0.9085
113 3222 0.2351
113 3223 -0.5483
113 3224 -0.9596
113 3225 0.2117
113 3226 -0.0654
113 3227 0.5773
113 3228 -0.8978
113 3229 0.6081
113 3230 -0.3751
113 3231 0.1841
113 3232 0.4542
114 3233 -1.1375
114 3234 2.093
114 3235 -1.7624
114 3236 -0.4957
114 3237 4.9926
114 3238 -1.3688
114 3239 -1.4511
114 3240 3.9065
114 3241 -0.0273
114 3242 -3.8253
114 3243 2.349
114 3244 -8.135
114 3245 -2.1316
114 3246 3.3444
114 3247 -3.4903
114 3248 -1.6487
114 3249 -0.8705
114 3250 -2.8869
114 3251 0.0093
114 3252 -0.6535
114 3253 -0.666
114 3254 -0.6324
114 3255 -0.4752
114 3256 0.6907
114 3257 0.4684
114 3258 1.0693
114 3259 -1.8315
114 3260 -0.4381
114 3261 -0.6144
114 3262 -0.3777
114 3263 0.6151
114 3264 -0.6087
114 3265 -0.7841
114 3266 -0.5971
114 3267 -0.419
114 3268 -0.7001
114 3269 0.1416
114 3270 0.9983
114 3271 -0.3003
114 3272 -0.6818
114 3273 0.5632
114 3274 0.0568
114 3275 -0.8076
114 3276 -0.8356
114 3277 -0.0597
114 3278 0.8215
114 3279 0.7885
114 3280 0.3135
114 3281 0.3441
114 3282 0.4609
114 3283 1.0794
114 3284 -0.7965
114 3285 -0.3071
114 3286 -0.648
114 3287 0.982
114 3288 -0.3543
114 3289 -0.5266
114 3290 0.878
114 3291 -0.542
114 3292 0.382
114 3293 0.8446
115 3294 0.4496
115 3295 -0.2809
115 3296 -0.8736
115 3297 -0.7624
115 3298 -1.6142
115 3299 2.2727
115 3300 1.8581
115 3301 -0.7915
115 3302 -2.3141
115 3303 1.3109
115 3304 -0.9446
115 3305 4.1081
115 3306 -0.408
115 3307 -0.7036
115 3308 0.3442
115 3309 1.869
115 3310 1.0339
115 3311 1.0119
115 3312 0.2751
115 3313 -0.2725
115 3314 -0.3616
115 3315 -1.0561
115 3316 -0.5457
115 3317 -0.6597
115 3318 -0.146
115 3319 -0.4785
115 3320 -0.1836
115 3321 -0.5471
115 3322 0.4182
115 3323 2.0264
115 3324 0.4844
115 3325 -0.3543
115 3326 0.6498
115 3327 0.4557
115 3328 -0.4434
115 3329 -0.5985
115 3330 -0.8782
115 3331 0.1115
115 3332 0.8106
115 3333 -0.9921
115 3334 -0.6736
115 3335 0.8477
115 3336 0.9324
115 3337 0.0664
115 3338 -0.5871
115 3339 -0.3653
115 3340 0.6538
115 3341 -0.8383
115 3342 0.5412
115 3343 0.1239
115 3344 -1.0047
115 3345 -0.2893
115 3346 -0.4794
115 3347 -0.1768
115 3348 -0.9095
115 3349 0.5465
115 3350 0.0594
115 3351 -0.8539
115 3352 0.9726
115 3353 -0.1998
115 3354 -0.2426
116 3355 -2.0083
116 3356 -0.5285
116 3357 0.1318
116 3358 -1.2761
116 3359 0.9229
116 3360 0.1283
116 3361 -1.9687
116 3362 2.5838
116 3363 3.9244
116 3364 -3.9477
116 3365 1.3376
116 3366 1.4446
116 3367 0.2971
116 3368 1.2312
116 3369 -0.4165
116 3370 -0.4935
116 3371 -0.483
116 3372 0.2937
116 3373 -0.3929
116 3374 -0.0589
116 3375 0.7548
116 3376 -0.1418
116 3377 -0.9889
116 3378 1.8777
116 3379 0.7758
116 3380 0.4801
116 3381 0.4961
116 3382 0.2896
116 3383 0.4607
116 3384 -1.3865
116 3385 -0.5128
116 3386 -0.1845
116 3387 1.1911
116 3388 -0.9703
116 3389 0.9316
116 3390 -0.508
116 3391 0.6132
116 3392 -0.0209
116 3393 -0.3017
116 3394 0.3613
116 3395 0.6529
116 3396 0.1693
116 3397 -0.0218
116 3398 0.6684
116 3399 0.0825
116 3400 0.2165
116 3401 -0.1858
116 3402 -0.788
116 3403 -0.3389
116 3404 -0.6716
116 3405 0.9456
116 3406 0.1041
116 3407 -0.8982
116 3408 0.7671
116 3409 0.6773
116 3410 -0.7666
116 3411 -0.8095
116 3412 -0.9222
116 3413 0.8639
116 3414 -0.9513
116 3415 -0.2512
117 3416 -1.7284
117 3417 2.6087
117 3418 -2.9809
117 3419 -1.9298
117 3420 7.132
117 3421 -2.1977
117 3422 -2.736
117 3423 4.6241
117 3424 0.2474
117 3425 -4.2693
117 3426 4.9948
117 3427 -9.1562
117 3428 -0.8799
117 3429 4.1697
117 3430 -3.4627
117 3431 -1.7008
117 3432 -0.4979
117 3433 -3.6444
117 3434 0.3559
117 3435 -1.9101
117 3436 -1.2151
117 3437 0.2276
117 3438 0.0484
117 3439 1.3772
117 3440 0.5828
117 3441 1.0329
117 3442 -3.6521
117 3443 0.3425
117 3444 0.2602
117 3445 -0.7366
117 3446 -0.9546
117 3447 -0.3879
117 3448 0.0381
117 3449 0.1259
117 3450 -0.1015
117 3451 -0.8878
117 3452 0.154
117 3453 -0.3397
117 3454 -1.4377
117 3455 -0.054
117 3456 -0.7932
117 3457 0.0139
117 3458 0.2354
117 3459 0.3874
117 3460 0.4245
117 3461 0.7012
117 3462 1.0639
117 3463 0.2765
117 3464 0.1038
117 3465 -0.0585
117 3466 1.0983
117 3467 0.6661
117 3468 -0.8969
117 3469 0.0398
117 3470 -0.7356
117 3471 -0.3561
117 3472 0.534
117 3473 -0.6474
117 3474 0.6604
117 3475 -0.1246
117 3476 0.6942
118 3477 1.0315
118 3478 0.9153
118 3479 -3.4374
118 3480 -0.6144
118 3481 0.6047
118 3482 -0.9728
118 3483 1.3246
118 3484 0.2205
118 3485 1.1447
118 3486 -1.6471
118 3487 1.3541
118 3488 -2.2061
118 3489 -0.2633
118 3490 1.1005
118 3491 -1.4128
118 3492 0.5775
118 3493 -0.0634
118 3494 -2.197
118 3495 0.6901
118 3496 -0.735
118 3497 1.727
118 3498 -0.6489
118 3499 -0.6682
118 3500 -0.9763
118 3501 -0.3593
118 3502 0.7087
118 3503 -0.8913
118 3504 -0.625
118 3505 -0.2081
118 3506 0.2849
118 3507 0.1838
118 3508 -0.2482
118 3509 -0.2608
118 3510 -0.2053
118 3511 0.3701
118 3512 -0.3872
118 3513 -0.6044
118 3514 0.722
118 3515 0.1912
118 3516 0.4686
118 3517 0.1562
118 3518 0.3763
118 3519 -0.6106
118 3520 0.4581
118 3521 0.6144
118 3522 0.3313
118 3523 -0.5189
118 3524 -0.9795
118 3525 0.2148
118 3526 -0.6136
118 3527 -0.5655
118 3528 -0.553
118 3529 0.348
118 3530 0.4587
118 3531 0.8574
118 3532 -0.9934
118 3533 -0.900
118 3534 0.3344
118 3535 -0.4524
118 3536 -0.5408
118 3537 0.1877
119 3538 -3.2378
119 3539 2.3877
119 3540 -2.7512
119 3541 -1.7315
119 3542 6.1401
119 3543 0.1804
119 3544 -1.1153
119 3545 4.7873
119 3546 2.713
119 3547 -3.7801
119 3548 3.9211
119 3549 -9.0329
119 3550 -1.0752
119 3551 3.1011
119 3552 -5.0711
119 3553 -1.4188
119 3554 0.4555
119 3555 -3.3111
119 3556 -0.6912
119 3557 -0.4003
119 3558 0.5048
119 3559 -0.4312
119 3560 -1.2141
119 3561 1.6522
119 3562 0.1479
119 3563 -0.6072
119 3564 -3.7197
119 3565 0.8459
119 3566 0.2791
119 3567 -1.2351
119 3568 -0.0544
119 3569 -0.1777
119 3570 -0.4896
119 3571 -1.0259
119 3572 -0.9731
119 3573 -1.2633
119 3574 -0.7073
119 3575 0.1724
119 3576 -0.5614
119 3577 -0.2161
119 3578 -0.469
119 3579 0.2823
119 3580 -0.3161
119 3581 0.9965
119 3582 1.4275
119 3583 0.5687
119 3584 -0.8675
119 3585 0.651
119 3586 0.9416
119 3587 -0.154
119 3588 0.3354
119 3589 0.5594
119 3590 -0.6122
119 3591 0.3913
119 3592 0.3307
119 3593 0.2618
119 3594 -0.2817
119 3595 0.0683
119 3596 0.2756
119 3597 0.9451
119 3598 0.497
120 3599 -2.867
120 3600 1.531
120 3601 -0.8698
120 3602 0.0952
120 3603 4.8773
120 3604 -2.2037
120 3605 -1.659
120 3606 4.9367
120 3607 -2.6922
120 3608 -3.1889
120 3609 4.4725
120 3610 -6.4699
120 3611 -1.5053
120 3612 3.0671
120 3613 -2.1592
120 3614 -1.2334
120 3615 0.9936
120 3616 -3.5319
120 3617 0.5557
120 3618 -1.1222
120 3619 -3.4565
120 3620 -0.7319
120 3621 0.9681
120 3622 0.832
120 3623 0.4638
120 3624 -0.5544
120 3625 -2.5041
120 3626 -0.7052
120 3627 0.0004
120 3628 -0.5048
120 3629 -0.6975
120 3630 0.9933
120 3631 0.1177
120 3632 0.1125
120 3633 0.4527
120 3634 -1.1654
120 3635 0.9523
120 3636 -0.9452
120 3637 -0.2628
120 3638 -0.6222
120 3639 0.3286
120 3640 -0.211
120 3641 -0.1606
120 3642 -0.476
120 3643 0.6039
120 3644 0.0375
120 3645 0.6015
120 3646 0.7249
120 3647 0.7322
120 3648 -0.4753
120 3649 0.3181
120 3650 -0.5787
120 3651 0.0141
120 3652 -0.8121
120 3653 0.5905
120 3654 0.2671
120 3655 -0.0589
120 3656 -0.6158
120 3657 0.1767
120 3658 0.2896
120 3659 0.5703
121 3660 -6.6031
121 3661 -5.7915
121 3662 4.4062
121 3663 -4.710
121 3664 3.2682
121 3665 -8.9427
121 3666 2.1522
121 3667 -2.2075
121 3668 3.1997
121 3669 -3.1329
121 3670 6.1444
121 3671 -6.1938
121 3672 9.0178
121 3673 3.2879
121 3674 6.0978
121 3675 -2.9625
121 3676 1.2539
121 3677 5.0321
121 3678 -4.4251
121 3679 -3.5744
121 3680 5.4485
121 3681 -2.9718
121 3682 3.2107
121 3683 -6.067
121 3684 0.9383
121 3685 1.6512
121 3686 4.9271
121 3687 -10.0814
121 3688 -13.4234
121 3689 4.2897
121 3690 -4.0488
121 3691 2.0531
121 3692 -2.6562
121 3693 0.0909
121 3694 -6.8693
121 3695 -2.4675
121 3696 2.8748
121 3697 1.3875
121 3698 -2.8396
121 3699 2.1943
121 3700 2.9719
121 3701 -5.5969
121 3702 6.2793
121 3703 -1.2604
121 3704 -11.0832
121 3705 -6.7661
121 3706 -4.4552
121 3707 0.5378
121 3708 -5.5584
121 3709 -6.4007
121 3710 2.6683
121 3711 -7.5788
121 3712 -1.2252
121 3713 -5.8628
121 3714 1.3669
121 3715 1.6522
121 3716 -6.9308
121 3717 -1.8402
121 3718 -4.4938
121 3719 -6.9244
121 3720 -0.9062
