61 0 -3.4535
61 1 2.149
61 2 3.5494
61 3 -2.6391
61 4 1.0412
61 5 -2.4515
61 6 -2.9412
61 7 2.259
61 8 0.5361
61 9 -2.3537
61 10 0.8283
61 11 1.5806
61 12 -1.7331
61 13 0.5099
61 14 1.4583
61 15 0.3025
61 16 0.210
61 17 -7.7329
61 18 -0.3944
61 19 -0.0243
61 20 0.5134
61 21 0.5257
61 22 0.2126
61 23 -2.0982
61 24 0.1293
61 25 0.0747
61 26 0.8199
61 27 0.1246
61 28 -0.5071
61 29 0.6225
61 30 -0.1422
61 31 -0.0263
61 32 0.8178
61 33 0.106
61 34 0.001
61 35 -0.5576
61 36 0.0673
61 37 0.1671
61 38 0.0561
61 39 -0.0166
61 40 0.1464
61 41 -0.2517
61 42 -0.0061
61 43 -0.0009
61 44 0.4932
61 45 -0.0112
61 46 0.0934
61 47 0.4232
61 48 0.0127
61 49 0.0073
61 50 0.2251
61 51 -0.0141
61 52 0.0149
61 53 -0.0034
61 54 -0.0028
61 55 -0.0041
61 56 -0.0088
61 57 0.0164
61 58 -0.0056
61 59 -0.0067
61 60 -0.0148
62 61 -0.1681
62 62 1.6491
62 63 4.2429
62 64 0.3934
62 65 0.7856
62 66 -2.0745
62 67 1.3714
62 68 0.5996
62 69 -1.2171
62 70 -0.3083
62 71 0.2204
62 72 4.8468
62 73 0.844
62 74 -0.2586
62 75 -0.749
62 76 0.4857
62 77 0.2023
62 78 -4.3839
62 79 0.3506
62 80 -0.6899
62 81 0.4152
62 82 0.3597
62 83 0.1825
62 84 -2.1766
62 85 -0.1076
62 86 -0.0616
62 87 -1.4464
62 88 0.1364
62 89 -0.5804
62 90 -1.5394
62 91 0.0312
62 92 -0.1165
62 93 -0.2902
62 94 0.036
62 95 -0.0124
62 96 -0.7911
62 97 -0.0016
62 98 -0.0857
62 99 -0.1997
62 100 -0.0054
62 101 -0.0596
62 102 -0.3411
62 103 -0.0034
62 104 0.0086
62 105 -0.1643
62 106 -0.0027
62 107 -0.0257
62 108 -0.159
62 109 0.0028
62 110 0.0131
62 111 -0.0423
62 112 -0.0127
62 113 0.0119
62 114 0.0143
62 115 0.0138
62 116 -0.0039
62 117 -0.0052
62 118 -0.0096
62 119 -0.0036
62 120 0.0166
62 121 0.0066
63 122 -3.4175
63 123 2.0119
63 124 5.6069
63 125 -0.7662
63 126 0.3159
63 127 3.1046
63 128 -1.0482
63 129 2.4197
63 130 0.9601
63 131 -1.4765
63 132 1.6782
63 133 -0.7191
63 134 -0.9138
63 135 -0.6849
63 136 0.383
63 137 -0.7419
63 138 -0.5644
63 139 -3.3136
63 140 0.1952
63 141 0.0575
63 142 -0.0783
63 143 0.2578
63 144 0.6344
63 145 -1.4384
63 146 0.0022
63 147 0.2862
63 148 -0.4708
63 149 0.0823
63 150 -0.1635
63 151 0.7749
63 152 0.0861
63 153 0.0807
63 154 0.2961
63 155 0.0778
63 156 0.0167
63 157 0.8477
63 158 0.048
63 159 0.1801
63 160 0.182
63 161 -0.0162
63 162 0.1469
63 163 0.468
63 164 0.0143
63 165 0.0069
63 166 0.3286
63 167 0.0135
63 168 0.0245
63 169 0.3741
63 170 0.0139
63 171 0.0154
63 172 0.0996
63 173 -0.0136
63 174 0.0011
63 175 -0.0014
63 176 0.0093
63 177 -0.0035
63 178 -0.0151
63 179 -0.0093
63 180 -0.0139
63 181 -0.011
63 182 -0.0139
64 183 -1.0051
64 184 -0.2459
64 185 0.9333
64 186 0.0957
64 187 -0.0067
64 188 6.0188
64 189 -0.8537
64 190 1.9532
64 191 -0.5531
64 192 -0.6051
64 193 0.6159
64 194 -2.9008
64 195 -0.8942
64 196 0.1013
64 197 3.6247
64 198 -0.9827
64 199 0.042
64 200 2.3961
64 201 -0.2597
64 202 0.6318
64 203 -1.1883
64 204 -0.441
64 205 0.3017
64 206 0.5159
64 207 0.3362
64 208 0.047
64 209 0.0316
64 210 -0.0064
64 211 0.2262
64 212 1.9096
64 213 0.289
64 214 0.0755
64 215 0.0845
64 216 0.015
64 217 0.0113
64 218 1.2672
64 219 0.0301
64 220 0.1285
64 221 0.1307
64 222 0.0011
64 223 0.1181
64 224 0.9886
64 225 -0.0108
64 226 0.0006
64 227 0.2506
64 228 0.0142
64 229 0.030
64 230 0.2626
64 231 0.0045
64 232 0.0146
64 233 0.0782
64 234 -0.0002
64 235 0.0105
64 236 0.0052
64 237 0.0161
64 238 0.0074
64 239 -0.0134
64 240 0.0097
64 241 0.0115
64 242 0.0134
64 243 -0.0061
65 244 0.9288
65 245 -0.5552
65 246 0.8147
65 247 1.1875
65 248 0.8352
65 249 3.9998
65 250 0.6541
65 251 1.1785
65 252 2.852
65 253 1.4147
65 254 0.1932
65 255 -3.3064
65 256 0.3646
65 257 0.4788
65 258 2.6101
65 259 -0.8686
65 260 -0.1172
65 261 2.3663
65 262 0.0667
65 263 0.5242
65 264 -1.8958
65 265 -0.1063
65 266 0.0227
65 267 0.7414
65 268 0.1766
65 269 0.0084
65 270 -0.0204
65 271 -0.0137
65 272 0.3365
65 273 0.5776
65 274 0.1316
65 275 0.0435
65 276 -0.5611
65 277 0.0069
65 278 -0.0051
65 279 0.5688
65 280 -0.0155
65 281 0.1198
65 282 0.2946
65 283 0.0092
65 284 0.110
65 285 0.5086
65 286 -0.0064
65 287 -0.0151
65 288 0.1683
65 289 -0.0107
65 290 -0.0106
65 291 0.2159
65 292 -0.0033
65 293 -0.0096
65 294 -0.0029
65 295 -0.0148
65 296 0.0129
65 297 0.0153
65 298 -0.0055
65 299 0.0102
65 300 -0.0019
65 301 -0.0098
65 302 0.0063
65 303 0.0004
65 304 0.0022
66 305 1.6578
66 306 0.1619
66 307 0.1546
66 308 0.0289
66 309 0.4961
66 310 -7.1897
66 311 2.341
66 312 -1.5662
66 313 -1.2898
66 314 1.8554
66 315 -0.3077
66 316 1.094
66 317 1.2279
66 318 -0.3391
66 319 -4.3425
66 320 0.746
66 321 -0.1979
66 322 -4.2647
66 323 0.4576
66 324 -0.8643
66 325 1.0039
66 326 0.2914
66 327 -0.1091
66 328 0.1761
66 329 -0.247
66 330 0.0082
66 331 0.4094
66 332 0.1551
66 333 -0.2389
66 334 -2.030
66 335 -0.2842
66 336 -0.0626
66 337 0.0606
66 338 -0.0661
66 339 0.0112
66 340 -1.1667
66 341 -0.0408
66 342 -0.1118
66 343 -0.4907
66 344 -0.0126
66 345 -0.0933
66 346 -1.0122
66 347 0.0028
66 348 0.0088
66 349 -0.2308
66 350 0.0097
66 351 -0.0194
66 352 -0.2296
66 353 -0.0157
66 354 -0.0101
66 355 -0.0748
66 356 -0.0066
66 357 -0.0122
66 358 0.0018
66 359 0.0057
66 360 0.0061
66 361 -0.008
66 362 0.0004
66 363 -0.0085
66 364 -0.0066
66 365 0.0011
67 366 -0.7164
67 367 -0.024
67 368 1.1402
67 369 0.133
67 370 0.445
67 371 3.3018
67 372 -1.265
67 373 1.3247
67 374 1.4148
67 375 -0.8751
67 376 0.6936
67 377 -1.1624
67 378 -0.7826
67 379 0.671
67 380 3.8531
67 381 -0.4158
67 382 0.0414
67 383 3.2249
67 384 -0.1156
67 385 0.1432
67 386 1.1638
67 387 -0.248
67 388 -0.1175
67 389 0.8788
67 390 0.1035
67 391 -0.0019
67 392 1.4925
67 393 0.0165
67 394 0.1903
67 395 1.2009
67 396 0.0907
67 397 0.0108
67 398 0.2309
67 399 0.0389
67 400 0.0037
67 401 0.1015
67 402 0.0276
67 403 0.0925
67 404 0.1956
67 405 -0.0148
67 406 0.0678
67 407 0.2976
67 408 -0.0036
67 409 0.0106
67 410 0.2176
67 411 0.005
67 412 0.0273
67 413 0.218
67 414 -0.0022
67 415 -0.004
67 416 0.0917
67 417 -0.0095
67 418 -0.0072
67 419 -0.0019
67 420 -0.0051
67 421 0.0125
67 422 0.0053
67 423 0.0056
67 424 -0.0105
67 425 -0.0021
67 426 -0.0027
68 427 -0.1214
68 428 2.1308
68 429 2.0933
68 430 -0.9929
68 431 1.0952
68 432 2.7383
68 433 -0.6279
68 434 1.5986
68 435 3.4167
68 436 -0.0134
68 437 0.4033
68 438 4.8677
68 439 -0.5164
68 440 0.9867
68 441 -1.5668
68 442 0.6539
68 443 0.9358
68 444 -1.2265
68 445 -0.0766
68 446 -0.6231
68 447 1.1683
68 448 0.2636
68 449 -0.0763
68 450 -0.8137
68 451 -0.1356
68 452 0.0371
68 453 -1.1483
68 454 -0.0134
68 455 -0.0055
68 456 -0.1311
68 457 -0.0217
68 458 0.0695
68 459 0.1011
68 460 0.0438
68 461 -0.0001
68 462 0.3168
68 463 -0.0412
68 464 -0.0244
68 465 -0.0175
68 466 0.0082
68 467 -0.0225
68 468 -0.2083
68 469 0.0101
68 470 0.0028
68 471 -0.2149
68 472 -0.0136
68 473 -0.0568
68 474 -0.147
68 475 0.0115
68 476 -0.0138
68 477 -0.1574
68 478 -0.0155
68 479 0.0119
68 480 0.0154
68 481 0.0124
68 482 0.0054
68 483 -0.0117
68 484 0.0149
68 485 0.0141
68 486 -0.0159
68 487 0.0028
69 488 0.7887
69 489 -0.7313
69 490 0.0789
69 491 1.5191
69 492 0.1952
69 493 0.0745
69 494 0.0205
69 495 0.1908
69 496 -0.2127
69 497 0.903
69 498 0.7428
69 499 -6.5625
69 500 0.7279
69 501 0.0377
69 502 0.2732
69 503 -0.2568
69 504 -0.2894
69 505 1.1352
69 506 0.1171
69 507 0.3198
69 508 -0.3706
69 509 -0.191
69 510 0.0981
69 511 1.7418
69 512 0.2532
69 513 0.0346
69 514 1.8847
69 515 0.0958
69 516 0.3577
69 517 1.281
69 518 0.0723
69 519 0.0182
69 520 0.3858
69 521 -0.0689
69 522 -0.0092
69 523 0.700
69 524 0.0219
69 525 0.0956
69 526 -0.0073
69 527 -0.0007
69 528 0.0709
69 529 0.405
69 530 -0.0166
69 531 -0.0165
69 532 0.2294
69 533 -0.0011
69 534 0.0429
69 535 0.2161
69 536 -0.0099
69 537 -0.0018
69 538 0.0712
69 539 0.0145
69 540 0.0083
69 541 -0.0117
69 542 -0.0113
69 543 -0.0076
69 544 0.0158
69 545 0.0138
69 546 -0.0154
69 547 -0.0111
69 548 -0.0134
70 549 -2.4543
70 550 0.4548
70 551 1.6967
70 552 -1.0724
70 553 -0.2816
70 554 5.4955
70 555 -1.3936
70 556 1.5512
70 557 -4.9064
70 558 -1.5337
70 559 1.1714
70 560 -4.393
70 561 -1.8752
70 562 -0.2314
70 563 3.7025
70 564 -1.0262
70 565 0.0116
70 566 0.2705
70 567 -0.4935
70 568 0.7732
70 569 -1.7501
70 570 -0.5047
70 571 0.1508
70 572 -1.2567
70 573 0.4402
70 574 -0.2095
70 575 0.0965
70 576 -0.0929
70 577 0.100
70 578 2.5482
70 579 0.2661
70 580 0.1184
70 581 0.7576
70 582 0.0674
70 583 -0.0067
70 584 1.1722
70 585 0.0656
70 586 0.1605
70 587 0.0765
70 588 -0.0019
70 589 0.1532
70 590 1.0101
70 591 -0.0008
70 592 -0.0004
70 593 0.3987
70 594 -0.0045
70 595 0.0487
70 596 0.4051
70 597 0.0134
70 598 0.0076
70 599 0.1528
70 600 0.0008
70 601 -0.0109
70 602 0.0038
70 603 -0.0081
70 604 0.0124
70 605 0.0055
70 606 0.0015
70 607 -0.014
70 608 -0.0077
70 609 -0.0097
71 610 -0.8312
71 611 -0.0279
71 612 -2.1423
71 613 0.2305
71 614 0.2773
71 615 4.1704
71 616 -2.0447
71 617 1.7283
71 618 1.1771
71 619 -0.5317
71 620 0.4271
71 621 -4.2152
71 622 -1.020
71 623 0.5248
71 624 4.6604
71 625 -1.1094
71 626 -0.0928
71 627 4.6819
71 628 -0.1888
71 629 0.6122
71 630 -1.043
71 631 -0.1641
71 632 0.0196
71 633 1.0868
71 634 0.2987
71 635 0.1977
71 636 1.0743
71 637 -0.0758
71 638 0.4531
71 639 2.159
71 640 0.0954
71 641 0.0817
71 642 -0.0126
71 643 -0.0113
71 644 -0.0104
71 645 0.995
71 646 -0.0089
71 647 0.0931
71 648 0.3775
71 649 0.0016
71 650 0.0599
71 651 0.6984
71 652 0.0156
71 653 0.0033
71 654 0.1392
71 655 0.0066
71 656 0.0116
71 657 0.159
71 658 -0.0093
71 659 0.0118
71 660 0.0247
71 661 0.012
71 662 0.0057
71 663 0.0071
71 664 0.0018
71 665 -0.0109
71 666 -0.0133
71 667 -0.0046
71 668 -0.0026
71 669 -0.0034
71 670 -0.0002
72 671 0.9996
72 672 -0.8854
72 673 -3.5946
72 674 0.9774
72 675 0.8719
72 676 -1.1523
72 677 0.5421
72 678 0.1465
72 679 -4.8345
72 680 0.408
72 681 1.3383
72 682 -4.5173
72 683 0.6441
72 684 -0.2705
72 685 2.1411
72 686 -0.4252
72 687 0.0734
72 688 1.607
72 689 -0.1385
72 690 0.5839
72 691 -0.4316
72 692 -0.3967
72 693 -0.027
72 694 1.6306
72 695 0.1733
72 696 -0.0922
72 697 1.6093
72 698 0.0369
72 699 0.3646
72 700 0.8861
72 701 -0.108
72 702 0.003
72 703 -0.1464
72 704 -0.0804
72 705 0.0092
72 706 -0.1567
72 707 0.0262
72 708 0.064
72 709 -0.3604
72 710 -0.0138
72 711 0.0535
72 712 -0.2755
72 713 0.0137
72 714 0.0023
72 715 0.1652
72 716 0.0133
72 717 0.012
72 718 0.1558
72 719 0.0152
72 720 -0.0149
72 721 0.0859
72 722 -0.0033
72 723 -0.0136
72 724 0.0036
72 725 -0.0109
72 726 -0.0026
72 727 0.0077
72 728 -0.0034
72 729 0.0131
72 730 -0.0101
72 731 0.0062
73 732 2.3778
73 733 -1.2915
73 734 -1.3628
73 735 0.3522
73 736 -0.5439
73 737 -6.7371
73 738 1.1946
73 739 -2.4544
73 740 -0.2295
73 741 1.2194
73 742 -0.8767
73 743 1.8331
73 744 1.3429
73 745 -0.0975
73 746 -3.8493
73 747 1.0116
73 748 -0.1385
73 749 -1.3606
73 750 0.3623
73 751 -0.7714
73 752 1.2318
73 753 0.3838
73 754 -0.4158
73 755 -0.3643
73 756 -0.3667
73 757 -0.1407
73 758 -0.7214
73 759 0.0672
73 760 -0.0306
73 761 -2.2667
73 762 -0.2075
73 763 -0.1336
73 764 -0.3718
73 765 -0.1046
73 766 0.0162
73 767 -1.4737
73 768 -0.025
73 769 -0.1726
73 770 -0.2661
73 771 0.0152
73 772 -0.1293
73 773 -0.9406
73 774 -0.0056
73 775 0.0131
73 776 -0.2956
73 777 0.0126
73 778 -0.0214
73 779 -0.3242
73 780 0.0162
73 781 0.0062
73 782 -0.0529
73 783 0.0108
73 784 -0.0121
73 785 0.0027
73 786 0.0028
73 787 0.010
73 788 -0.0126
73 789 0.0131
73 790 -0.0026
73 791 0.0154
73 792 0.0059
74 793 1.025
74 794 -1.3349
74 795 -3.9775
74 796 0.8931
74 797 0.0468
74 798 -0.6125
74 799 -0.4738
74 800 -0.3626
74 801 -1.6511
74 802 0.1235
74 803 0.702
74 804 -3.8631
74 805 -0.2665
74 806 0.4473
74 807 3.5276
74 808 -0.1647
74 809 -0.013
74 810 3.3061
74 811 -0.2761
74 812 0.4724
74 813 0.7005
74 814 -0.3979
74 815 -0.2149
74 816 2.2342
74 817 0.1334
74 818 0.0095
74 819 1.1675
74 820 -0.056
74 821 0.2628
74 822 0.7202
74 823 -0.0612
74 824 0.0535
74 825 0.1813
74 826 -0.0279
74 827 -0.0034
74 828 0.2563
74 829 0.0221
74 830 0.0311
74 831 0.0699
74 832 0.0039
74 833 0.0237
74 834 -0.0614
74 835 0.0087
74 836 0.002
74 837 0.0965
74 838 0.0033
74 839 0.0293
74 840 0.1032
74 841 0.0138
74 842 -0.0118
74 843 0.0305
74 844 0.0005
74 845 -0.0062
74 846 -0.0079
74 847 -0.0071
74 848 -0.0021
74 849 0.0086
74 850 0.0063
74 851 0.0027
74 852 0.0092
74 853 -0.0009
75 854 -1.7247
75 855 -0.0071
75 856 0.7193
75 857 -0.1396
75 858 -0.2847
75 859 7.137
75 860 -1.3451
75 861 1.881
75 862 -0.0818
75 863 -1.2853
75 864 0.5205
75 865 -1.8347
75 866 -1.1112
75 867 -0.0389
75 868 4.0291
75 869 -0.9641
75 870 0.1784
75 871 2.6203
75 872 -0.3226
75 873 0.6939
75 874 -0.6076
75 875 -0.4628
75 876 0.321
75 877 0.2243
75 878 0.3583
75 879 0.0486
75 880 0.3024
75 881 -0.0788
75 882 0.1166
75 883 2.3224
75 884 0.3457
75 885 0.0916
75 886 0.4035
75 887 0.0713
75 888 -0.004
75 889 1.4682
75 890 0.0474
75 891 0.1583
75 892 0.2968
75 893 -0.003
75 894 0.1317
75 895 1.1572
75 896 -0.0037
75 897 -0.0006
75 898 0.3046
75 899 0.016
75 900 0.0439
75 901 0.3077
75 902 0.0067
75 903 -0.0066
75 904 0.0808
75 905 -0.0118
75 906 0.0071
75 907 -0.0106
75 908 -0.0099
75 909 0.006
75 910 0.0136
75 911 -0.0035
75 912 0.0033
75 913 -0.0004
75 914 -0.0067
76 915 1.3771
76 916 0.8359
76 917 1.9991
76 918 -0.1102
76 919 0.1521
76 920 -0.2684
76 921 0.2303
76 922 0.4765
76 923 2.2982
76 924 0.3641
76 925 -0.2176
76 926 3.4147
76 927 0.2273
76 928 0.2517
76 929 1.0798
76 930 1.1843
76 931 0.6429
76 932 0.8599
76 933 0.0384
76 934 -0.283
76 935 0.863
76 936 -0.0623
76 937 -0.1529
76 938 0.8751
76 939 0.0536
76 940 -0.3252
76 941 0.1819
76 942 0.0879
76 943 0.1448
76 944 0.5896
76 945 0.0817
76 946 0.0232
76 947 0.3294
76 948 -0.0048
76 949 0.0063
76 950 -0.1429
76 951 -0.0156
76 952 -0.098
76 953 -0.1898
76 954 0.0034
76 955 -0.0702
76 956 -0.0807
76 957 0.0067
76 958 -0.0004
76 959 -0.1798
76 960 -0.003
76 961 -0.0266
76 962 -0.1974
76 963 0.0143
76 964 0.0006
76 965 -0.0578
76 966 0.0087
76 967 0.0053
76 968 0.0137
76 969 0.0012
76 970 -0.0034
76 971 0.0155
76 972 -0.0128
76 973 0.013
76 974 0.0147
76 975 0.0139
77 976 1.0732
77 977 -0.5469
77 978 -3.7982
77 979 0.5766
77 980 0.6999
77 981 3.4695
77 982 -0.8975
77 983 0.6495
77 984 2.8966
77 985 0.9901
77 986 0.1391
77 987 -4.2391
77 988 -0.1647
77 989 0.9783
77 990 1.5651
77 991 -0.8437
77 992 0.1253
77 993 4.6936
77 994 0.0156
77 995 0.9095
77 996 -0.8374
77 997 -0.1394
77 998 -0.2141
77 999 2.3965
77 1000 0.1468
77 1001 0.1218
77 1002 1.2476
77 1003 -0.0782
77 1004 0.5759
77 1005 1.7464
77 1006 0.0351
77 1007 0.0594
77 1008 0.2195
77 1009 -0.066
77 1010 0.0139
77 1011 0.8413
77 1012 0.0007
77 1013 0.0746
77 1014 0.3788
77 1015 -0.0087
77 1016 0.0472
77 1017 0.3772
77 1018 0.0102
77 1019 -0.0042
77 1020 0.0953
77 1021 -0.0127
77 1022 0.0043
77 1023 0.1494
77 1024 0.0056
77 1025 0.0093
77 1026 -0.0267
77 1027 0.0125
77 1028 0.0158
77 1029 0.0132
77 1030 0.0046
77 1031 0.0085
77 1032 0.0046
77 1033 -0.016
77 1034 -0.0118
77 1035 0.0148
77 1036 0.002
78 1037 3.7651
78 1038 -1.5982
78 1039 0.9346
78 1040 5.0955
78 1041 -1.5054
78 1042 0.8964
78 1043 5.8318
78 1044 -1.471
78 1045 -0.4907
78 1046 4.1887
78 1047 -2.1983
78 1048 -4.2994
78 1049 3.7989
78 1050 -1.0255
78 1051 -1.2882
78 1052 -0.3472
78 1053 0.2232
78 1054 -2.7796
78 1055 1.0168
78 1056 -0.4275
78 1057 -1.8704
78 1058 -0.0153
78 1059 0.0471
78 1060 -1.1416
78 1061 -0.1779
78 1062 -0.227
78 1063 -1.4125
78 1064 0.1834
78 1065 0.0355
78 1066 -0.9583
78 1067 0.010
78 1068 -0.0758
78 1069 -1.0003
78 1070 -0.0603
78 1071 -0.0123
78 1072 0.4738
78 1073 -0.0459
78 1074 0.1287
78 1075 0.0803
78 1076 0.0007
78 1077 0.1109
78 1078 0.4148
78 1079 0.0159
78 1080 0.0162
78 1081 0.0915
78 1082 -0.0003
78 1083 -0.039
78 1084 0.220
78 1085 0.0083
78 1086 -0.0075
78 1087 -0.1084
78 1088 -0.0092
78 1089 -0.0086
78 1090 -0.0113
78 1091 0.0046
78 1092 -0.0133
78 1093 0.0012
78 1094 -0.0058
78 1095 0.0127
78 1096 0.0093
78 1097 0.0058
79 1098 -6.5046
79 1099 6.3412
79 1100 -8.7933
79 1101 -6.215
79 1102 4.1509
79 1103 6.3438
79 1104 -5.7844
79 1105 10.8876
79 1106 -4.5699
79 1107 -4.3713
79 1108 3.9715
79 1109 -4.2092
79 1110 -5.1784
79 1111 4.6264
79 1112 4.6824
79 1113 -1.6579
79 1114 0.2126
79 1115 -1.1948
79 1116 -2.9261
79 1117 0.5928
79 1118 -4.4819
79 1119 -1.3468
79 1120 0.0317
79 1121 0.0867
79 1122 0.1792
79 1123 0.2723
79 1124 -1.9575
79 1125 -0.3903
79 1126 0.0074
79 1127 -2.9863
79 1128 -0.2996
79 1129 -0.1521
79 1130 -1.9791
79 1131 -0.2217
79 1132 -0.0096
79 1133 -0.7372
79 1134 -0.117
79 1135 -0.0071
79 1136 -0.9377
79 1137 -0.0006
79 1138 0.0121
79 1139 -0.8228
79 1140 -0.0099
79 1141 0.0015
79 1142 -0.2736
79 1143 -0.0019
79 1144 -0.1102
79 1145 -0.1005
79 1146 -0.0077
79 1147 0.0056
79 1148 -0.2849
79 1149 -0.0031
79 1150 -0.0005
79 1151 0.0075
79 1152 -0.0125
79 1153 -0.0019
79 1154 -0.0132
79 1155 -0.0077
79 1156 0.0024
79 1157 0.0124
79 1158 -0.0042
80 1159 1.8711
80 1160 -3.4118
80 1161 -0.8316
80 1162 3.1193
80 1163 -1.7605
80 1164 -0.949
80 1165 0.8717
80 1166 -3.7395
80 1167 -2.9855
80 1168 1.8904
80 1169 -1.4025
80 1170 -3.736
80 1171 -0.2278
80 1172 -0.9524
80 1173 4.1237
80 1174 0.282
80 1175 0.0279
80 1176 3.0936
80 1177 0.1676
80 1178 -0.2098
80 1179 1.3109
80 1180 -0.2793
80 1181 -0.2947
80 1182 1.4731
80 1183 0.0686
80 1184 -0.3067
80 1185 0.3712
80 1186 -0.0517
80 1187 0.1494
80 1188 0.1226
80 1189 0.1443
80 1190 0.0188
80 1191 0.2626
80 1192 -0.0005
80 1193 -0.0029
80 1194 0.1534
80 1195 0.025
80 1196 0.0344
80 1197 0.1121
80 1198 0.0014
80 1199 0.0224
80 1200 0.2024
80 1201 0.0046
80 1202 -0.0003
80 1203 0.1218
80 1204 -0.004
80 1205 0.0051
80 1206 0.0956
80 1207 -0.0131
80 1208 0.0059
80 1209 0.0601
80 1210 0.0096
80 1211 0.0156
80 1212 -0.0096
80 1213 0.0097
80 1214 -0.0053
80 1215 -0.003
80 1216 -0.0065
80 1217 -0.0109
80 1218 -0.0153
80 1219 0.0068
81 1220 -1.3683
81 1221 2.2919
81 1222 2.6221
81 1223 -1.9368
81 1224 0.8483
81 1225 0.2772
81 1226 0.2447
81 1227 1.7816
81 1228 1.8544
81 1229 -0.4328
81 1230 0.6753
81 1231 1.7241
81 1232 0.1428
81 1233 -0.3586
81 1234 -4.6361
81 1235 -0.328
81 1236 -0.1716
81 1237 -3.3766
81 1238 -0.0664
81 1239 -0.0771
81 1240 -1.8558
81 1241 0.2574
81 1242 0.2749
81 1243 -1.7379
81 1244 -0.0515
81 1245 0.1116
81 1246 -0.8896
81 1247 0.0171
81 1248 -0.1451
81 1249 -0.4494
81 1250 -0.060
81 1251 -0.0287
81 1252 -0.2258
81 1253 0.0034
81 1254 0.0165
81 1255 -0.1847
81 1256 -0.0138
81 1257 -0.040
81 1258 -0.1275
81 1259 -0.0145
81 1260 -0.0197
81 1261 -0.0297
81 1262 -0.0084
81 1263 -0.0016
81 1264 -0.067
81 1265 -0.0116
81 1266 -0.0013
81 1267 -0.0778
81 1268 0.0151
81 1269 0.0077
81 1270 -0.0047
81 1271 0.0097
81 1272 -0.0039
81 1273 0.0089
81 1274 -0.0121
81 1275 -0.0028
81 1276 0.0018
81 1277 0.0052
81 1278 -0.0124
81 1279 -0.0094
81 1280 0.0002
82 1281 6.6511
82 1282 -3.9031
82 1283 1.071
82 1284 5.408
82 1285 -0.7383
82 1286 1.1623
82 1287 5.3421
82 1288 -3.7978
82 1289 6.4376
82 1290 3.7361
82 1291 -2.1562
82 1292 3.8428
82 1293 4.3552
82 1294 0.7299
82 1295 -1.0153
82 1296 1.4744
82 1297 -0.2283
82 1298 -0.2837
82 1299 1.1214
82 1300 -1.3373
82 1301 0.5468
82 1302 0.2135
82 1303 -0.5676
82 1304 1.5669
82 1305 -0.1901
82 1306 -0.2218
82 1307 -0.7725
82 1308 0.1107
82 1309 0.0319
82 1310 -0.1174
82 1311 -0.1347
82 1312 0.0499
82 1313 0.5557
82 1314 0.1788
82 1315 -0.0012
82 1316 -0.9193
82 1317 -0.0147
82 1318 -0.355
82 1319 -0.2921
82 1320 0.0021
82 1321 -0.303
82 1322 -0.6482
82 1323 -0.0055
82 1324 0.0139
82 1325 -0.6015
82 1326 -0.0003
82 1327 -0.011
82 1328 -0.7448
82 1329 0.0022
82 1330 0.0042
82 1331 -0.0686
82 1332 -0.0047
82 1333 -0.0137
82 1334 0.0006
82 1335 -0.0047
82 1336 0.0057
82 1337 -0.0048
82 1338 -0.0084
82 1339 0.0044
82 1340 0.0037
82 1341 0.015
83 1342 -1.8571
83 1343 0.9228
83 1344 -0.312
83 1345 -0.1713
83 1346 0.4847
83 1347 6.4296
83 1348 -2.9975
83 1349 2.9566
83 1350 0.9109
83 1351 -2.4771
83 1352 1.2513
83 1353 0.098
83 1354 -1.3646
83 1355 1.0974
83 1356 3.9815
83 1357 -0.399
83 1358 0.402
83 1359 5.2453
83 1360 -0.3627
83 1361 0.6723
83 1362 0.3403
83 1363 -0.3294
83 1364 0.0382
83 1365 0.2397
83 1366 0.2044
83 1367 0.0537
83 1368 -0.058
83 1369 -0.1136
83 1370 0.2174
83 1371 1.7591
83 1372 0.2279
83 1373 0.0354
83 1374 0.2021
83 1375 0.1074
83 1376 0.0167
83 1377 0.8791
83 1378 0.0328
83 1379 0.1379
83 1380 0.4248
83 1381 0.008
83 1382 0.1194
83 1383 0.7067
83 1384 0.0145
83 1385 -0.0015
83 1386 0.3053
83 1387 0.0104
83 1388 0.0415
83 1389 0.2964
83 1390 0.0078
83 1391 0.0051
83 1392 0.1015
83 1393 -0.0001
83 1394 -0.0101
83 1395 0.0065
83 1396 -0.0046
83 1397 0.0093
83 1398 -0.005
83 1399 -0.0042
83 1400 0.0162
83 1401 0.0121
83 1402 -0.0066
84 1403 -3.7661
84 1404 1.5817
84 1405 -2.3722
84 1406 -4.5135
84 1407 1.8705
84 1408 0.3352
84 1409 -4.7205
84 1410 2.3968
84 1411 -1.4138
84 1412 -3.2346
84 1413 0.8342
84 1414 4.5426
84 1415 -2.854
84 1416 0.3733
84 1417 0.5443
84 1418 0.4183
84 1419 0.4529
84 1420 2.8164
84 1421 -1.1809
84 1422 0.3668
84 1423 -0.5361
84 1424 -0.2264
84 1425 0.1453
84 1426 0.1682
84 1427 0.1727
84 1428 0.3289
84 1429 0.4258
84 1430 -0.1332
84 1431 -0.0667
84 1432 0.7447
84 1433 -0.1706
84 1434 0.0338
84 1435 0.0867
84 1436 -0.0058
84 1437 -0.0091
84 1438 0.0859
84 1439 -0.0666
84 1440 -0.0429
84 1441 -0.166
84 1442 -0.0128
84 1443 -0.0458
84 1444 -0.3401
84 1445 -0.0103
84 1446 -0.0088
84 1447 -0.2876
84 1448 -0.0059
84 1449 -0.0912
84 1450 -0.2009
84 1451 -0.0083
84 1452 0.0068
84 1453 -0.1994
84 1454 0.016
84 1455 -0.0116
84 1456 0.0044
84 1457 0.0111
84 1458 -0.0017
84 1459 0.0023
84 1460 0.0159
84 1461 -0.0098
84 1462 0.0049
84 1463 0.0085
85 1464 -0.7188
85 1465 0.5689
85 1466 0.6567
85 1467 -1.0537
85 1468 -0.3714
85 1469 -6.1012
85 1470 0.0705
85 1471 -1.3384
85 1472 -2.8428
85 1473 -0.5783
85 1474 0.2563
85 1475 1.8641
85 1476 -0.1117
85 1477 -0.4759
85 1478 -1.9814
85 1479 0.7777
85 1480 0.008
85 1481 -3.1837
85 1482 -0.016
85 1483 -0.624
85 1484 1.5552
85 1485 -0.0776
85 1486 0.0894
85 1487 -0.6704
85 1488 -0.1863
85 1489 -0.0868
85 1490 0.3166
85 1491 0.0272
85 1492 -0.1823
85 1493 -0.9412
85 1494 0.019
85 1495 -0.0536
85 1496 0.4457
85 1497 0.0197
85 1498 0.0128
85 1499 -0.9251
85 1500 0.0378
85 1501 -0.090
85 1502 -0.3886
85 1503 -0.0072
85 1504 -0.0521
85 1505 -0.5352
85 1506 0.014
85 1507 0.0123
85 1508 -0.0365
85 1509 0.0012
85 1510 0.0314
85 1511 -0.1189
85 1512 -0.0051
85 1513 -0.0115
85 1514 0.0663
85 1515 0.002
85 1516 -0.0095
85 1517 -0.0068
85 1518 -0.0105
85 1519 0.007
85 1520 -0.0076
85 1521 0.0127
85 1522 0.0024
85 1523 -0.005
85 1524 -0.0039
86 1525 -1.2151
86 1526 2.351
86 1527 2.7845
86 1528 -1.9558
86 1529 0.6754
86 1530 -0.4277
86 1531 0.3822
86 1532 1.169
86 1533 1.3839
86 1534 -0.3381
86 1535 0.392
86 1536 1.6495
86 1537 0.3253
86 1538 -0.3535
86 1539 -5.0925
86 1540 -0.0909
86 1541 -0.0706
86 1542 -3.9707
86 1543 -0.0922
86 1544 -0.0641
86 1545 -2.0324
86 1546 0.3051
86 1547 0.2681
86 1548 -1.8137
86 1549 -0.0606
86 1550 0.0936
86 1551 -0.8366
86 1552 0.0365
86 1553 -0.1279
86 1554 -0.5966
86 1555 -0.0762
86 1556 -0.0353
86 1557 -0.2306
86 1558 -0.0239
86 1559 0.0027
86 1560 -0.2394
86 1561 -0.0187
86 1562 -0.029
86 1563 -0.1574
86 1564 0.0109
86 1565 -0.0507
86 1566 -0.0582
86 1567 -0.0134
86 1568 -0.006
86 1569 -0.0794
86 1570 0.0107
86 1571 -0.014
86 1572 -0.0971
86 1573 0.015
86 1574 0.0167
86 1575 -0.0117
86 1576 -0.0075
86 1577 -0.0142
86 1578 0.0018
86 1579 -0.0009
86 1580 0.0118
86 1581 -0.0114
86 1582 0.0058
86 1583 0.0067
86 1584 0.0106
86 1585 0.0009
87 1586 -0.954
87 1587 -0.3085
87 1588 -1.6782
87 1589 0.3286
87 1590 -0.4476
87 1591 7.5337
87 1592 -1.768
87 1593 1.7714
87 1594 0.6096
87 1595 -0.9713
87 1596 0.2464
87 1597 -2.686
87 1598 -1.014
87 1599 0.0891
87 1600 3.8484
87 1601 -0.773
87 1602 0.2127
87 1603 4.4622
87 1604 -0.2086
87 1605 0.8964
87 1606 -1.2812
87 1607 -0.1475
87 1608 0.1038
87 1609 0.5462
87 1610 0.2836
87 1611 0.081
87 1612 -0.0062
87 1613 -0.1502
87 1614 0.328
87 1615 1.9364
87 1616 0.1883
87 1617 0.0939
87 1618 -0.3747
87 1619 0.0129
87 1620 0.0158
87 1621 1.1869
87 1622 0.000
87 1623 0.0984
87 1624 0.3972
87 1625 -0.0159
87 1626 0.0786
87 1627 0.8667
87 1628 0.0072
87 1629 -0.0027
87 1630 0.1491
87 1631 -0.0099
87 1632 0.0209
87 1633 0.1781
87 1634 -0.0042
87 1635 0.0116
87 1636 0.0182
87 1637 -0.0024
87 1638 -0.0147
87 1639 -0.0105
87 1640 0.0129
87 1641 -0.0065
87 1642 0.0039
87 1643 -0.0097
87 1644 0.004
87 1645 -0.0024
87 1646 0.0013
88 1647 -0.7438
88 1648 -1.6783
88 1649 0.5484
88 1650 0.3136
88 1651 -0.905
88 1652 5.1723
88 1653 -2.3899
88 1654 0.088
88 1655 1.2595
88 1656 -1.6981
88 1657 -0.3233
88 1658 -0.6422
88 1659 -1.3198
88 1660 0.3954
88 1661 3.7565
88 1662 -0.271
88 1663 -0.3564
88 1664 3.2322
88 1665 -0.1743
88 1666 0.2123
88 1667 0.8807
88 1668 -0.3476
88 1669 -0.1008
88 1670 0.7239
88 1671 0.0708
88 1672 -0.0974
88 1673 0.935
88 1674 -0.1068
88 1675 0.196
88 1676 1.0618
88 1677 0.1356
88 1678 0.0549
88 1679 0.323
88 1680 0.026
88 1681 0.0049
88 1682 0.4841
88 1683 0.0182
88 1684 0.1006
88 1685 0.1833
88 1686 0.0096
88 1687 0.0671
88 1688 0.4667
88 1689 -0.0044
88 1690 0.0113
88 1691 0.2245
88 1692 -0.0057
88 1693 0.0387
88 1694 0.2073
88 1695 -0.013
88 1696 0.0091
88 1697 0.0743
88 1698 0.0162
88 1699 0.0115
88 1700 0.0109
88 1701 0.0137
88 1702 -0.0042
88 1703 0.0155
88 1704 -0.0035
88 1705 -0.0031
88 1706 -0.0095
88 1707 -0.0128
89 1708 -0.6109
89 1709 1.5864
89 1710 2.088
89 1711 -1.240
89 1712 0.2798
89 1713 1.7078
89 1714 0.4602
89 1715 0.8773
89 1716 4.5918
89 1717 0.2598
89 1718 -0.5252
89 1719 4.1336
89 1720 0.3068
89 1721 -0.1846
89 1722 -5.142
89 1723 0.6729
89 1724 0.4305
89 1725 -3.204
89 1726 0.0896
89 1727 -0.2683
89 1728 -0.0412
89 1729 0.5273
89 1730 0.109
89 1731 -1.743
89 1732 -0.1673
89 1733 0.0245
89 1734 -0.951
89 1735 -0.0067
89 1736 -0.196
89 1737 -1.006
89 1738 -0.1591
89 1739 0.0047
89 1740 -0.3358
89 1741 0.0426
89 1742 -0.0091
89 1743 -0.3041
89 1744 -0.0127
89 1745 -0.0369
89 1746 -0.1598
89 1747 -0.0134
89 1748 -0.043
89 1749 -0.2935
89 1750 -0.0152
89 1751 -0.0085
89 1752 -0.1042
89 1753 0.0069
89 1754 -0.0338
89 1755 -0.1106
89 1756 -0.0106
89 1757 0.0145
89 1758 -0.0414
89 1759 0.0029
89 1760 -0.0001
89 1761 -0.0163
89 1762 -0.0049
89 1763 0.0029
89 1764 -0.0047
89 1765 -0.0014
89 1766 0.0149
89 1767 -0.005
89 1768 -0.0052
90 1769 -1.5045
90 1770 2.396
90 1771 3.7862
90 1772 -1.6519
90 1773 1.1323
90 1774 1.684
90 1775 -0.3019
90 1776 1.5973
90 1777 3.0717
90 1778 -0.1021
90 1779 0.1959
90 1780 1.4283
90 1781 -0.3874
90 1782 -0.8172
90 1783 -4.8327
90 1784 -0.2973
90 1785 0.0018
90 1786 -3.2493
90 1787 0.1797
90 1788 -0.1723
90 1789 -1.8072
90 1790 0.3763
90 1791 0.4935
90 1792 -2.2606
90 1793 -0.0479
90 1794 0.0793
90 1795 -0.8417
90 1796 0.0248
90 1797 -0.1123
90 1798 -0.0991
90 1799 -0.0053
90 1800 0.0146
90 1801 -0.3589
90 1802 0.0182
90 1803 -0.0022
90 1804 0.2666
90 1805 -0.0197
90 1806 -0.0296
90 1807 -0.1219
90 1808 0.0039
90 1809 -0.0176
90 1810 0.3517
90 1811 -0.0025
90 1812 -0.0156
90 1813 -0.0974
90 1814 0.0139
90 1815 -0.0011
90 1816 -0.0923
90 1817 -0.0092
90 1818 -0.0048
90 1819 -0.0445
90 1820 -0.0031
90 1821 -0.0106
90 1822 0.0044
90 1823 -0.006
90 1824 0.0012
90 1825 -0.0086
90 1826 0.0123
90 1827 0.0163
90 1828 0.0066
90 1829 -0.0036
91 1830 -2.474
91 1831 0.1578
91 1832 -2.5811
91 1833 -1.2141
91 1834 1.1558
91 1835 0.360
91 1836 -1.0756
91 1837 0.5858
91 1838 -2.8883
91 1839 -1.4482
91 1840 1.3348
91 1841 -3.1293
91 1842 -0.617
91 1843 0.2756
91 1844 -1.5625
91 1845 -1.4894
91 1846 -0.7623
91 1847 -0.6086
91 1848 -0.3221
91 1849 0.4374
91 1850 -0.8352
91 1851 -0.002
91 1852 0.1647
91 1853 -0.9595
91 1854 0.0009
91 1855 0.3893
91 1856 -0.018
91 1857 -0.1271
91 1858 -0.0743
91 1859 -0.636
91 1860 -0.050
91 1861 -0.0213
91 1862 -0.3162
91 1863 -0.0147
91 1864 -0.0162
91 1865 0.122
91 1866 0.0109
91 1867 0.1173
91 1868 0.1478
91 1869 -0.0137
91 1870 0.1256
91 1871 -0.027
91 1872 0.0122
91 1873 0.0063
91 1874 0.2332
91 1875 0.0082
91 1876 0.0068
91 1877 0.2674
91 1878 -0.0121
91 1879 0.0104
91 1880 0.0273
91 1881 0.0134
91 1882 0.0088
91 1883 -0.0084
91 1884 0.0048
91 1885 -0.0089
91 1886 -0.0018
91 1887 0.0025
91 1888 0.0135
91 1889 0.002
91 1890 -0.0159
92 1891 -3.523
92 1892 1.3641
92 1893 -3.4031
92 1894 -4.7115
92 1895 1.5617
92 1896 -0.2849
92 1897 -4.7478
92 1898 1.733
92 1899 -2.0919
92 1900 -3.1039
92 1901 0.4161
92 1902 4.7958
92 1903 -2.583
92 1904 0.1436
92 1905 0.753
92 1906 0.374
92 1907 0.3036
92 1908 2.9695
92 1909 -0.9337
92 1910 0.6701
92 1911 -0.3285
92 1912 -0.1465
92 1913 0.1646
92 1914 0.0664
92 1915 0.0716
92 1916 0.3157
92 1917 0.4368
92 1918 -0.2142
92 1919 -0.0069
92 1920 0.4762
92 1921 -0.2411
92 1922 0.0698
92 1923 -0.0201
92 1924 -0.0379
92 1925 0.011
92 1926 0.0941
92 1927 -0.1003
92 1928 -0.0677
92 1929 -0.0656
92 1930 0.0045
92 1931 -0.0633
92 1932 -0.3538
92 1933 -0.0162
92 1934 -0.0033
92 1935 -0.3436
92 1936 0.0073
92 1937 -0.0748
92 1938 -0.2513
92 1939 0.0054
92 1940 0.0039
92 1941 -0.2504
92 1942 -0.003
92 1943 -0.0013
92 1944 0.0045
92 1945 0.0064
92 1946 -0.0048
92 1947 0.0161
92 1948 0.0149
92 1949 0.0003
92 1950 -0.0088
92 1951 0.0113
93 1952 -2.3818
93 1953 2.2465
93 1954 2.6171
93 1955 -3.4659
93 1956 1.8678
93 1957 -0.3228
93 1958 -2.5743
93 1959 2.4017
93 1960 1.580
93 1961 -2.305
93 1962 1.563
93 1963 4.5377
93 1964 -2.8681
93 1965 0.6808
93 1966 1.2185
93 1967 0.2347
93 1968 0.763
93 1969 0.2603
93 1970 -0.7852
93 1971 0.0387
93 1972 1.2758
93 1973 0.1231
93 1974 -0.2313
93 1975 -0.4342
93 1976 0.2076
93 1977 0.0599
93 1978 0.5808
93 1979 0.0477
93 1980 -0.0177
93 1981 0.3581
93 1982 -0.0957
93 1983 0.0318
93 1984 0.3197
93 1985 0.0086
93 1986 -0.0048
93 1987 -0.2554
93 1988 -0.0274
93 1989 0.0302
93 1990 -0.2807
93 1991 -0.0146
93 1992 0.017
93 1993 -0.5733
93 1994 -0.0088
93 1995 -0.0106
93 1996 -0.0127
93 1997 -0.0029
93 1998 -0.0198
93 1999 0.0191
93 2000 0.0148
93 2001 0.0155
93 2002 -0.0673
93 2003 -0.002
93 2004 -0.0102
93 2005 -0.0138
93 2006 0.0131
93 2007 0.0033
93 2008 -0.0148
93 2009 0.0051
93 2010 0.0115
93 2011 0.0019
93 2012 0.0062
94 2013 4.1022
94 2014 -2.1528
94 2015 2.5905
94 2016 5.1165
94 2017 -2.0038
94 2018 0.0539
94 2019 6.390
94 2020 -3.0804
94 2021 -0.0598
94 2022 3.974
94 2023 -1.3836
94 2024 -4.6505
94 2025 3.6858
94 2026 -0.6347
94 2027 -1.3617
94 2028 -0.2401
94 2029 -0.5086
94 2030 -5.2532
94 2031 1.1975
94 2032 -0.8997
94 2033 0.0447
94 2034 0.2057
94 2035 -0.2459
94 2036 -0.8764
94 2037 -0.1947
94 2038 -0.2372
94 2039 -0.8293
94 2040 0.3708
94 2041 -0.2354
94 2042 -0.814
94 2043 0.1079
94 2044 -0.1218
94 2045 -0.2924
94 2046 0.0253
94 2047 0.0132
94 2048 -0.1365
94 2049 0.031
94 2050 0.1075
94 2051 0.0022
94 2052 0.0084
94 2053 0.1062
94 2054 0.0861
94 2055 -0.0133
94 2056 -0.0147
94 2057 0.2846
94 2058 -0.0153
94 2059 0.0364
94 2060 0.2744
94 2061 -0.0011
94 2062 0.0126
94 2063 0.1193
94 2064 0.0076
94 2065 0.0078
94 2066 -0.0008
94 2067 0.006
94 2068 0.0001
94 2069 0.0036
94 2070 0.0021
94 2071 -0.0012
94 2072 0.004
94 2073 -0.013
95 2074 -0.5708
95 2075 1.2862
95 2076 2.0351
95 2077 -1.1654
95 2078 -0.4695
95 2079 0.483
95 2080 0.6479
95 2081 0.1911
95 2082 -0.1565
95 2083 -0.032
95 2084 -0.3041
95 2085 2.4236
95 2086 0.3417
95 2087 -0.718
95 2088 -5.2707
95 2089 0.2707
95 2090 -0.1111
95 2091 -3.7285
95 2092 0.0426
95 2093 -0.2019
95 2094 -2.1864
95 2095 0.1869
95 2096 0.1968
95 2097 -2.0012
95 2098 -0.1134
95 2099 0.0068
95 2100 -1.437
95 2101 -0.0029
95 2102 -0.1785
95 2103 -0.9037
95 2104 -0.044
95 2105 -0.0248
95 2106 -0.3434
95 2107 -0.0132
95 2108 0.0038
95 2109 -0.2486
95 2110 -0.017
95 2111 -0.0621
95 2112 -0.2556
95 2113 0.0094
95 2114 -0.0566
95 2115 -0.0213
95 2116 -0.0003
95 2117 0.0161
95 2118 -0.0887
95 2119 0.0166
95 2120 -0.0011
95 2121 -0.1079
95 2122 -0.0009
95 2123 -0.0041
95 2124 -0.017
95 2125 -0.0004
95 2126 -0.0079
95 2127 -0.009
95 2128 0.002
95 2129 -0.0013
95 2130 0.0067
95 2131 0.0155
95 2132 -0.0063
95 2133 0.0064
95 2134 0.0051
96 2135 1.0164
96 2136 0.4506
96 2137 6.0091
96 2138 0.5001
96 2139 0.7644
96 2140 -5.1004
96 2141 2.7285
96 2142 -1.202
96 2143 0.3804
96 2144 1.1086
96 2145 -0.4453
96 2146 4.3431
96 2147 1.5434
96 2148 0.0738
96 2149 -2.0241
96 2150 0.6857
96 2151 -0.0906
96 2152 -5.5177
96 2153 0.5158
96 2154 -0.8592
96 2155 0.5896
96 2156 0.1957
96 2157 -0.0313
96 2158 -0.548
96 2159 -0.1654
96 2160 -0.0708
96 2161 -0.4113
96 2162 0.2119
96 2163 -0.6491
96 2164 -1.7219
96 2165 -0.1512
96 2166 -0.1291
96 2167 0.0989
96 2168 0.0263
96 2169 0.013
96 2170 -1.096
96 2171 0.0131
96 2172 -0.0736
96 2173 -0.4244
96 2174 0.0161
96 2175 -0.0516
96 2176 -0.6662
96 2177 0.0055
96 2178 0.010
96 2179 -0.1443
96 2180 0.0083
96 2181 0.0012
96 2182 -0.1711
96 2183 -0.006
96 2184 0.0015
96 2185 -0.0213
96 2186 0.0145
96 2187 -0.0092
96 2188 -0.0081
96 2189 -0.0149
96 2190 -0.015
96 2191 -0.0107
96 2192 -0.0117
96 2193 0.0152
96 2194 -0.0142
96 2195 0.0006
97 2196 -0.5137
97 2197 0.1419
97 2198 -0.7523
97 2199 0.2802
97 2200 0.7941
97 2201 5.6661
97 2202 -1.193
97 2203 2.5683
97 2204 1.1598
97 2205 -0.2309
97 2206 0.334
97 2207 -3.168
97 2208 -0.6594
97 2209 0.7893
97 2210 4.4663
97 2211 -1.0591
97 2212 0.1729
97 2213 3.8705
97 2214 -0.0972
97 2215 0.8259
97 2216 -1.8442
97 2217 -0.2128
97 2218 0.1469
97 2219 1.2262
97 2220 0.3612
97 2221 0.1646
97 2222 0.3879
97 2223 -0.0345
97 2224 0.4377
97 2225 1.9472
97 2226 0.1116
97 2227 0.1126
97 2228 -0.2594
97 2229 -0.024
97 2230 0.006
97 2231 1.3568
97 2232 -0.008
97 2233 0.1146
97 2234 0.193
97 2235 0.0014
97 2236 0.0917
97 2237 0.7637
97 2238 -0.0148
97 2239 0.0134
97 2240 0.1123
97 2241 0.0086
97 2242 -0.0067
97 2243 0.1833
97 2244 0.0074
97 2245 -0.0157
97 2246 -0.0435
97 2247 0.0164
97 2248 0.0019
97 2249 -0.0135
97 2250 -0.0095
97 2251 -0.0164
97 2252 0.0112
97 2253 -0.0109
97 2254 -0.0113
97 2255 0.0018
97 2256 -0.0062
98 2257 -2.9731
98 2258 1.5888
98 2259 -1.1585
98 2260 -3.8371
98 2261 1.1118
98 2262 -1.2753
98 2263 -3.701
98 2264 1.0709
98 2265 -0.3554
98 2266 -3.458
98 2267 0.8355
98 2268 4.8072
98 2269 -2.1772
98 2270 0.5438
98 2271 0.4046
98 2272 0.5595
98 2273 -0.0883
98 2274 0.8366
98 2275 -0.3534
98 2276 0.095
98 2277 2.0665
98 2278 0.1837
98 2279 0.0167
98 2280 0.9557
98 2281 0.0923
98 2282 0.1961
98 2283 1.1344
98 2284 -0.1083
98 2285 -0.1622
98 2286 0.360
98 2287 -0.0945
98 2288 0.0137
98 2289 0.8044
98 2290 -0.0051
98 2291 0.0017
98 2292 -0.3183
98 2293 0.0139
98 2294 -0.0592
98 2295 -0.1586
98 2296 -0.0133
98 2297 -0.0271
98 2298 -0.5215
98 2299 0.0163
98 2300 -0.0119
98 2301 -0.0469
98 2302 -0.0165
98 2303 0.0122
98 2304 -0.0792
98 2305 0.0028
98 2306 0.0035
98 2307 0.0344
98 2308 0.0039
98 2309 0.0162
98 2310 0.002
98 2311 0.0163
98 2312 -0.0157
98 2313 0.0098
98 2314 0.0131
98 2315 0.0072
98 2316 -0.0115
98 2317 -0.0019
99 2318 1.438
99 2319 -0.3312
99 2320 -1.3106
99 2321 0.2146
99 2322 -0.0047
99 2323 -6.0333
99 2324 2.2436
99 2325 -1.0177
99 2326 -0.9149
99 2327 2.1431
99 2328 -0.9616
99 2329 -0.2796
99 2330 0.9812
99 2331 -1.0919
99 2332 -3.2235
99 2333 -0.0293
99 2334 -0.1065
99 2335 -2.2159
99 2336 0.2685
99 2337 -0.1557
99 2338 -0.6447
99 2339 0.3875
99 2340 0.0656
99 2341 0.2741
99 2342 -0.1288
99 2343 0.1716
99 2344 -0.3244
99 2345 0.2046
99 2346 -0.2482
99 2347 -1.1394
99 2348 -0.2212
99 2349 -0.0658
99 2350 -1.0731
99 2351 -0.0876
99 2352 0.0094
99 2353 -0.7148
99 2354 -0.0136
99 2355 -0.1454
99 2356 -0.3359
99 2357 -0.014
99 2358 -0.1213
99 2359 -0.6788
99 2360 -0.0146
99 2361 -0.0117
99 2362 -0.2896
99 2363 0.0165
99 2364 -0.022
99 2365 -0.313
99 2366 0.0042
99 2367 0.0139
99 2368 -0.0891
99 2369 -0.0033
99 2370 0.0047
99 2371 0.0088
99 2372 0.002
99 2373 0.014
99 2374 0.0067
99 2375 0.0162
99 2376 -0.0127
99 2377 0.0139
99 2378 0.008
100 2379 -4.1529
100 2380 8.4638
100 2381 -6.5855
100 2382 -5.9887
100 2383 7.6866
100 2384 -4.6808
100 2385 -7.5254
100 2386 9.7839
100 2387 -6.5872
100 2388 -5.085
100 2389 5.1615
100 2390 -6.7628
100 2391 2.5434
100 2392 5.8588
100 2393 -10.4114
100 2394 -1.9909
100 2395 4.2243
100 2396 -5.3213
100 2397 1.1116
100 2398 1.7936
100 2399 -2.3012
100 2400 1.1375
100 2401 1.1333
100 2402 -3.2462
100 2403 -0.0036
100 2404 1.5394
100 2405 0.7321
100 2406 -0.1185
100 2407 -0.2696
100 2408 0.6641
100 2409 -0.0345
100 2410 -0.0272
100 2411 -0.0165
100 2412 -0.015
100 2413 0.0102
100 2414 0.0151
100 2415 0.004
100 2416 0.0241
100 2417 -0.1718
100 2418 -0.0125
100 2419 0.0307
100 2420 0.036
100 2421 -0.0112
100 2422 -0.0068
100 2423 0.0933
100 2424 -0.0089
100 2425 0.0279
100 2426 0.0846
100 2427 0.0166
100 2428 -0.0039
100 2429 0.0332
100 2430 -0.0007
100 2431 -0.0133
100 2432 -0.0089
100 2433 -0.004
100 2434 -0.0084
100 2435 0.0042
100 2436 0.0001
100 2437 -0.0162
100 2438 0.0053
100 2439 -0.0156
101 2440 -0.4109
101 2441 -1.6579
101 2442 -2.7607
101 2443 0.2958
101 2444 -0.5128
101 2445 1.4318
101 2446 -2.0812
101 2447 -0.0559
101 2448 -0.483
101 2449 -1.0119
101 2450 -0.0711
101 2451 -2.3819
101 2452 -1.1836
101 2453 0.3813
101 2454 4.4765
101 2455 -0.3634
101 2456 -0.4261
101 2457 4.3503
101 2458 -0.2341
101 2459 0.2703
101 2460 1.8184
101 2461 -0.393
101 2462 -0.0771
101 2463 1.4705
101 2464 0.0998
101 2465 -0.0083
101 2466 1.3786
101 2467 -0.0298
101 2468 0.214
101 2469 1.2667
101 2470 0.0838
101 2471 0.0384
101 2472 0.2923
101 2473 0.0309
101 2474 -0.0076
101 2475 0.5443
101 2476 0.0184
101 2477 0.0753
101 2478 0.1904
101 2479 -0.0143
101 2480 0.0417
101 2481 0.2921
101 2482 0.0131
101 2483 0.009
101 2484 0.1125
101 2485 0.0004
101 2486 -0.0094
101 2487 0.1437
101 2488 0.0103
101 2489 0.0049
101 2490 0.0243
101 2491 0.0122
101 2492 -0.0158
101 2493 0.0153
101 2494 -0.0078
101 2495 -0.0144
101 2496 -0.0047
101 2497 0.008
101 2498 -0.0084
101 2499 0.007
101 2500 -0.0126
102 2501 1.5676
102 2502 0.1035
102 2503 0.5011
102 2504 0.8076
102 2505 -0.7949
102 2506 -2.3017
102 2507 1.6787
102 2508 -1.4813
102 2509 -0.2469
102 2510 0.6708
102 2511 -0.9721
102 2512 5.9578
102 2513 0.9978
102 2514 -0.6063
102 2515 -4.0617
102 2516 0.8933
102 2517 0.4618
102 2518 -2.2397
102 2519 0.3802
102 2520 -0.7626
102 2521 1.4497
102 2522 0.3507
102 2523 -0.1705
102 2524 -1.3541
102 2525 -0.3937
102 2526 -0.0553
102 2527 -1.5602
102 2528 0.0481
102 2529 -0.4884
102 2530 -2.4774
102 2531 0.0724
102 2532 -0.1125
102 2533 -0.7449
102 2534 0.0091
102 2535 -0.010
102 2536 -1.0037
102 2537 -0.0263
102 2538 -0.0893
102 2539 -0.1781
102 2540 0.0055
102 2541 -0.0856
102 2542 -0.5201
102 2543 -0.0112
102 2544 0.0041
102 2545 -0.2366
102 2546 0.0121
102 2547 -0.042
102 2548 -0.2509
102 2549 -0.0091
102 2550 0.0139
102 2551 -0.0885
102 2552 -0.0035
102 2553 -0.0028
102 2554 0.002
102 2555 0.0015
102 2556 0.0148
102 2557 -0.0072
102 2558 -0.0081
102 2559 -0.0086
102 2560 -0.0014
102 2561 0.014
103 2562 3.4366
103 2563 -2.250
103 2564 -0.4998
103 2565 4.555
103 2566 -2.2095
103 2567 1.6104
103 2568 5.4859
103 2569 -2.2385
103 2570 -2.6257
103 2571 3.9569
103 2572 -2.243
103 2573 -4.2971
103 2574 3.6111
103 2575 -0.9868
103 2576 -0.989
103 2577 -0.4954
103 2578 0.0365
103 2579 -1.6895
103 2580 0.5639
103 2581 -0.1595
103 2582 -2.1586
103 2583 -0.2734
103 2584 -0.0443
103 2585 -1.1964
103 2586 -0.155
103 2587 -0.2209
103 2588 -1.9419
103 2589 0.195
103 2590 0.0966
103 2591 -0.8408
103 2592 0.0105
103 2593 -0.0233
103 2594 -0.9055
103 2595 -0.0555
103 2596 -0.0006
103 2597 0.6031
103 2598 -0.0178
103 2599 0.0456
103 2600 0.324
103 2601 -0.0036
103 2602 0.059
103 2603 0.7496
103 2604 0.0133
103 2605 -0.0058
103 2606 0.0177
103 2607 -0.0016
103 2608 -0.0392
103 2609 0.0859
103 2610 0.0034
103 2611 0.0067
103 2612 -0.0734
103 2613 -0.0127
103 2614 -0.0034
103 2615 0.0146
103 2616 0.0148
103 2617 0.003
103 2618 -0.0147
103 2619 0.0072
103 2620 0.0118
103 2621 -0.0056
103 2622 0.0062
104 2623 15.2965
104 2624 -6.4168
104 2625 13.6732
104 2626 11.9954
104 2627 -11.1921
104 2628 15.2211
104 2629 14.5448
104 2630 -20.7841
104 2631 1.2058
104 2632 10.6598
104 2633 -11.3612
104 2634 12.9648
104 2635 5.8192
104 2636 -9.4464
104 2637 -1.5197
104 2638 3.7337
104 2639 -1.9475
104 2640 2.2112
104 2641 -0.9692
104 2642 -2.5885
104 2643 3.4822
104 2644 -0.0621
104 2645 -1.1419
104 2646 9.0052
104 2647 -0.3054
104 2648 -0.2965
104 2649 0.2804
104 2650 -0.1758
104 2651 -0.5392
104 2652 1.7385
104 2653 0.3445
104 2654 0.0104
104 2655 -1.0321
104 2656 -0.0104
104 2657 0.0056
104 2658 1.6835
104 2659 -0.2732
104 2660 0.232
104 2661 -0.4786
104 2662 -0.0135
104 2663 0.1916
104 2664 -0.1958
104 2665 -0.0004
104 2666 0.0116
104 2667 -0.4613
104 2668 0.0038
104 2669 -0.2945
104 2670 0.1496
104 2671 -0.0158
104 2672 -0.0003
104 2673 -0.7963
104 2674 -0.0159
104 2675 0.015
104 2676 0.0107
104 2677 0.0111
104 2678 0.006
104 2679 -0.0077
104 2680 0.0053
104 2681 0.0081
104 2682 0.0104
104 2683 -0.0015
105 2684 -0.2144
105 2685 2.1251
105 2686 1.3359
105 2687 -1.5896
105 2688 0.8805
105 2689 -2.9443
105 2690 1.5549
105 2691 0.9197
105 2692 0.9207
105 2693 0.8997
105 2694 0.7221
105 2695 1.8393
105 2696 1.0218
105 2697 0.1779
105 2698 -4.5659
105 2699 0.0146
105 2700 0.2474
105 2701 -3.6195
105 2702 -0.123
105 2703 -0.1148
105 2704 -2.1043
105 2705 0.2637
105 2706 0.0716
105 2707 -1.3975
105 2708 -0.0614
105 2709 0.0539
105 2710 -1.1476
105 2711 0.0141
105 2712 -0.1542
105 2713 -0.8948
105 2714 -0.1448
105 2715 -0.049
105 2716 -0.4137
105 2717 -0.0504
105 2718 -0.0084
105 2719 -0.5507
105 2720 -0.0162
105 2721 -0.065
105 2722 -0.2025
105 2723 -0.0048
105 2724 -0.0749
105 2725 -0.3411
105 2726 0.0128
105 2727 -0.007
105 2728 -0.1306
105 2729 0.0049
105 2730 -0.0269
105 2731 -0.1456
105 2732 0.0024
105 2733 0.0023
105 2734 -0.0373
105 2735 0.0073
105 2736 -0.013
105 2737 0.0028
105 2738 0.0087
105 2739 0.0113
105 2740 -0.0125
105 2741 -0.0164
105 2742 -0.0147
105 2743 0.013
105 2744 0.0131
106 2745 1.0264
106 2746 -1.9579
106 2747 -2.6733
106 2748 1.5659
106 2749 -0.3994
106 2750 1.8561
106 2751 -0.6057
106 2752 -0.3846
106 2753 -0.6534
106 2754 0.1831
106 2755 -0.0933
106 2756 -1.4518
106 2757 -0.562
106 2758 0.5025
106 2759 5.3503
106 2760 -0.1152
106 2761 0.0771
106 2762 4.0509
106 2763 0.069
106 2764 0.0285
106 2765 2.1024
106 2766 -0.3594
106 2767 -0.2764
106 2768 1.626
106 2769 0.0869
106 2770 -0.0449
106 2771 0.7404
106 2772 -0.0118
106 2773 0.1545
106 2774 0.6486
106 2775 0.0623
106 2776 0.0275
106 2777 0.1097
106 2778 0.0169
106 2779 0.0145
106 2780 0.2003
106 2781 0.0305
106 2782 0.052
106 2783 0.1589
106 2784 -0.0069
106 2785 0.0501
106 2786 0.0285
106 2787 -0.0074
106 2788 -0.0078
106 2789 0.123
106 2790 0.0109
106 2791 0.0187
106 2792 0.1271
106 2793 -0.0029
106 2794 0.0094
106 2795 0.0421
106 2796 -0.010
106 2797 0.0075
106 2798 0.0132
106 2799 0.0097
106 2800 0.0081
106 2801 0.0034
106 2802 0.003
106 2803 0.0092
106 2804 0.0124
106 2805 -0.0021
107 2806 2.0931
107 2807 0.2518
107 2808 -0.8895
107 2809 0.8376
107 2810 0.4771
107 2811 -6.6509
107 2812 1.7319
107 2813 -1.7835
107 2814 3.4683
107 2815 1.174
107 2816 -0.9737
107 2817 4.3918
107 2818 1.7332
107 2819 0.0668
107 2820 -3.3216
107 2821 0.9809
107 2822 -0.0841
107 2823 -0.8135
107 2824 0.2985
107 2825 -0.7616
107 2826 2.1674
107 2827 0.4768
107 2828 -0.2377
107 2829 0.6352
107 2830 -0.4419
107 2831 0.1205
107 2832 0.382
107 2833 0.1296
107 2834 -0.2122
107 2835 -2.9866
107 2836 -0.3319
107 2837 -0.1196
107 2838 -0.652
107 2839 -0.0586
107 2840 0.0022
107 2841 -1.6461
107 2842 -0.0331
107 2843 -0.142
107 2844 -0.174
107 2845 0.0012
107 2846 -0.1145
107 2847 -1.2745
107 2848 0.0164
107 2849 0.0088
107 2850 -0.3658
107 2851 0.0092
107 2852 -0.0491
107 2853 -0.3419
107 2854 0.0166
107 2855 -0.011
107 2856 -0.1109
107 2857 -0.0075
107 2858 -0.0127
107 2859 0.0039
107 2860 0.000
107 2861 -0.0017
107 2862 -0.012
107 2863 0.0029
107 2864 -0.0145
107 2865 -0.0038
107 2866 0.011
108 2867 -3.8866
108 2868 2.6974
108 2869 1.8783
108 2870 -1.9828
108 2871 1.1614
108 2872 5.4578
108 2873 -2.1621
108 2874 3.160
108 2875 -0.9317
108 2876 -1.6444
108 2877 1.7564
108 2878 -2.3062
108 2879 -2.3976
108 2880 -0.1553
108 2881 2.6016
108 2882 -1.135
108 2883 -0.0261
108 2884 -0.3581
108 2885 -0.6389
108 2886 1.1531
108 2887 -0.6778
108 2888 -0.1308
108 2889 0.6138
108 2890 0.3622
108 2891 0.2296
108 2892 0.3039
108 2893 0.6914
108 2894 0.0525
108 2895 -0.0661
108 2896 1.7149
108 2897 0.2019
108 2898 0.0853
108 2899 0.2859
108 2900 0.0275
108 2901 0.016
108 2902 1.7349
108 2903 0.0462
108 2904 0.3964
108 2905 0.6293
108 2906 0.0073
108 2907 0.3535
108 2908 0.9964
108 2909 -0.0012
108 2910 -0.0026
108 2911 0.7918
108 2912 -0.0097
108 2913 0.0475
108 2914 0.8764
108 2915 0.004
108 2916 -0.0077
108 2917 0.1447
108 2918 -0.0105
108 2919 -0.0123
108 2920 0.0012
108 2921 0.0106
108 2922 -0.0071
108 2923 -0.0054
108 2924 0.0156
108 2925 -0.002
108 2926 0.0136
108 2927 -0.0103
109 2928 -1.7357
109 2929 0.5837
109 2930 -0.8357
109 2931 -1.8142
109 2932 -1.0546
109 2933 -4.4155
109 2934 -1.2177
109 2935 -1.3423
109 2936 -2.8814
109 2937 -1.8758
109 2938 -0.1104
109 2939 2.6896
109 2940 -0.9184
109 2941 -0.4998
109 2942 -2.1167
109 2943 0.7096
109 2944 -0.0618
109 2945 -2.0862
109 2946 -0.2129
109 2947 -0.3958
109 2948 1.9991
109 2949 0.0924
109 2950 -0.0446
109 2951 -0.5845
109 2952 -0.1262
109 2953 -0.0462
109 2954 0.6792
109 2955 -0.040
109 2956 -0.203
109 2957 -0.0074
109 2958 -0.1829
109 2959 -0.0193
109 2960 0.3573
109 2961 -0.0264
109 2962 -0.015
109 2963 -0.6092
109 2964 0.0131
109 2965 -0.1415
109 2966 -0.4462
109 2967 -0.0087
109 2968 -0.1051
109 2969 -0.4662
109 2970 0.0148
109 2971 -0.0109
109 2972 -0.2111
109 2973 -0.0039
109 2974 -0.0084
109 2975 -0.2616
109 2976 0.0023
109 2977 0.0094
109 2978 0.0152
109 2979 -0.0157
109 2980 0.0119
109 2981 -0.0154
109 2982 -0.0064
109 2983 -0.0084
109 2984 0.0058
109 2985 0.0123
109 2986 -0.014
109 2987 -0.0049
109 2988 -0.0006
110 2989 -0.9674
110 2990 0.7165
110 2991 -5.9235
110 2992 -0.4617
110 2993 0.5567
110 2994 4.8696
110 2995 -3.1475
110 2996 2.0673
110 2997 1.0769
110 2998 -1.4878
110 2999 1.1257
110 3000 -4.7141
110 3001 -1.2402
110 3002 0.6089
110 3003 1.1638
110 3004 -0.686
110 3005 0.2056
110 3006 5.089
110 3007 -0.6543
110 3008 0.9302
110 3009 -0.6637
110 3010 -0.0806
110 3011 0.0947
110 3012 0.7416
110 3013 0.2401
110 3014 0.0788
110 3015 1.0239
110 3016 -0.200
110 3017 0.557
110 3018 2.025
110 3019 0.0658
110 3020 0.1206
110 3021 -0.2482
110 3022 -0.024
110 3023 0.0044
110 3024 0.9997
110 3025 -0.0187
110 3026 0.1051
110 3027 0.3803
110 3028 0.000
110 3029 0.0791
110 3030 0.6408
110 3031 -0.0069
110 3032 -0.0031
110 3033 0.1334
110 3034 -0.0089
110 3035 -0.024
110 3036 0.1757
110 3037 -0.0072
110 3038 0.0012
110 3039 -0.0174
110 3040 -0.0038
110 3041 -0.0162
110 3042 0.0094
110 3043 -0.0063
110 3044 -0.0166
110 3045 -0.0051
110 3046 0.0106
110 3047 0.0157
110 3048 0.0083
110 3049 0.0055
111 3050 -2.4005
111 3051 -1.1227
111 3052 0.1584
111 3053 -0.659
111 3054 -1.2638
111 3055 5.9698
111 3056 -3.0847
111 3057 0.3741
111 3058 0.6409
111 3059 -2.5461
111 3060 0.2554
111 3061 -1.3287
111 3062 -1.7673
111 3063 0.307
111 3064 4.0763
111 3065 -0.6354
111 3066 -0.3506
111 3067 3.8337
111 3068 -0.258
111 3069 0.4875
111 3070 0.5203
111 3071 -0.3628
111 3072 0.0355
111 3073 0.1485
111 3074 0.1687
111 3075 -0.0421
111 3076 0.4344
111 3077 -0.0944
111 3078 0.2608
111 3079 1.7597
111 3080 0.1598
111 3081 0.0251
111 3082 0.9746
111 3083 0.0995
111 3084 0.0108
111 3085 0.6731
111 3086 0.0569
111 3087 0.1483
111 3088 0.4421
111 3089 0.0133
111 3090 0.1207
111 3091 0.6949
111 3092 0.005
111 3093 0.0022
111 3094 0.3575
111 3095 -0.0077
111 3096 0.0492
111 3097 0.3063
111 3098 0.0124
111 3099 0.0051
111 3100 0.1524
111 3101 0.0062
111 3102 0.002
111 3103 0.0132
111 3104 0.0038
111 3105 0.0043
111 3106 0.015
111 3107 0.0004
111 3108 -0.0038
111 3109 0.008
111 3110 -0.0134
112 3111 -6.780
112 3112 2.4401
112 3113 0.6732
112 3114 -5.3615
112 3115 3.2793
112 3116 2.8263
112 3117 -8.6024
112 3118 4.5918
112 3119 4.8691
112 3120 -5.4571
112 3121 4.6349
112 3122 1.5411
112 3123 -5.5507
112 3124 2.2189
112 3125 3.3495
112 3126 0.5653
112 3127 -0.0307
112 3128 6.2997
112 3129 -1.5726
112 3130 0.4103
112 3131 0.2976
112 3132 -0.271
112 3133 0.4325
112 3134 0.7565
112 3135 0.3222
112 3136 -0.0525
112 3137 3.1293
112 3138 -0.6008
112 3139 0.2513
112 3140 1.1942
112 3141 0.2471
112 3142 0.0727
112 3143 0.8621
112 3144 0.0927
112 3145 -0.0089
112 3146 0.2916
112 3147 0.0514
112 3148 0.1292
112 3149 0.4159
112 3150 0.0141
112 3151 0.1334
112 3152 0.1503
112 3153 0.0028
112 3154 -0.0022
112 3155 0.3157
112 3156 0.004
112 3157 0.0227
112 3158 0.3095
112 3159 0.0093
112 3160 0.0057
112 3161 0.1014
112 3162 -0.0147
112 3163 -0.0121
112 3164 0.0019
112 3165 0.0087
112 3166 0.0122
112 3167 -0.0057
112 3168 0.0077
112 3169 -0.0002
112 3170 -0.0106
112 3171 -0.014
113 3172 1.0293
113 3173 -0.6034
113 3174 -1.1907
113 3175 1.4465
113 3176 1.4928
113 3177 -0.8112
113 3178 -0.1023
113 3179 0.2327
113 3180 -0.446
113 3181 0.2793
113 3182 1.4286
113 3183 -4.582
113 3184 0.2358
113 3185 0.5059
113 3186 5.3351
113 3187 -0.7379
113 3188 0.0019
113 3189 2.9098
113 3190 0.1798
113 3191 0.3915
113 3192 0.9768
113 3193 -0.2435
113 3194 -0.0187
113 3195 2.0703
113 3196 0.1938
113 3197 0.0179
113 3198 1.6532
113 3199 0.0653
113 3200 0.2873
113 3201 1.3043
113 3202 0.0461
113 3203 0.049
113 3204 0.4129
113 3205 -0.0127
113 3206 -0.0154
113 3207 0.3376
113 3208 0.0234
113 3209 0.0337
113 3210 0.1065
113 3211 -0.0118
113 3212 0.0384
113 3213 0.0989
113 3214 -0.0149
113 3215 -0.0069
113 3216 0.1108
113 3217 -0.0055
113 3218 0.0183
113 3219 0.0997
113 3220 -0.0035
113 3221 0.0053
113 3222 0.0519
113 3223 0.0117
113 3224 0.0056
113 3225 -0.0156
113 3226 -0.0061
113 3227 -0.0161
113 3228 0.0069
113 3229 -0.0005
113 3230 0.0123
113 3231 0.0116
113 3232 0.0051
114 3233 1.7442
114 3234 0.0498
114 3235 -1.5472
114 3236 0.2768
114 3237 0.3021
114 3238 -5.473
114 3239 0.8567
114 3240 -1.6802
114 3241 1.5791
114 3242 0.5953
114 3243 -0.612
114 3244 4.2639
114 3245 1.2816
114 3246 0.0837
114 3247 -3.3543
114 3248 1.0854
114 3249 0.0672
114 3250 -0.7758
114 3251 0.3842
114 3252 -0.7114
114 3253 1.9873
114 3254 0.4642
114 3255 -0.3452
114 3256 -0.0701
114 3257 -0.3721
114 3258 -0.0173
114 3259 0.2257
114 3260 0.0517
114 3261 -0.2291
114 3262 -2.3541
114 3263 -0.2335
114 3264 -0.1197
114 3265 -0.436
114 3266 -0.0431
114 3267 0.014
114 3268 -1.4804
114 3269 -0.061
114 3270 -0.1439
114 3271 -0.1951
114 3272 0.0139
114 3273 -0.1229
114 3274 -1.0596
114 3275 0.0103
114 3276 0.0119
114 3277 -0.3601
114 3278 -0.0087
114 3279 -0.0349
114 3280 -0.3491
114 3281 -0.0021
114 3282 -0.0061
114 3283 -0.1316
114 3284 0.0018
114 3285 -0.0106
114 3286 0.0144
114 3287 0.0021
114 3288 0.0158
114 3289 0.0029
114 3290 0.0137
114 3291 0.0153
114 3292 -0.0003
114 3293 0.0106
115 3294 -0.0348
115 3295 -1.4168
115 3296 -7.9889
115 3297 -0.762
115 3298 -1.2277
115 3299 3.083
115 3300 -2.3651
115 3301 0.0757
115 3302 -1.0566
115 3303 -0.3983
115 3304 -0.3448
115 3305 -3.8474
115 3306 -1.2795
115 3307 -0.5029
115 3308 1.0145
115 3309 -0.2427
115 3310 -0.0835
115 3311 4.6752
115 3312 -0.4374
115 3313 0.6909
115 3314 0.3515
115 3315 -0.3931
115 3316 -0.2662
115 3317 2.121
115 3318 0.120
115 3319 0.0562
115 3320 0.8588
115 3321 -0.2938
115 3322 0.5563
115 3323 1.3546
115 3324 0.0367
115 3325 0.112
115 3326 -0.0099
115 3327 -0.0562
115 3328 -0.0044
115 3329 0.4461
115 3330 -0.0137
115 3331 0.0636
115 3332 0.0927
115 3333 0.0139
115 3334 0.0598
115 3335 0.1663
115 3336 0.0018
115 3337 0.0008
115 3338 0.1068
115 3339 -0.013
115 3340 -0.0076
115 3341 0.1285
115 3342 -0.0075
115 3343 -0.0025
115 3344 -0.0059
115 3345 0.0032
115 3346 -0.0029
115 3347 -0.0078
115 3348 -0.0113
115 3349 -0.0151
115 3350 -0.0011
115 3351 0.0068
115 3352 0.0112
115 3353 0.0117
115 3354 -0.0083
116 3355 0.926
116 3356 -0.4559
116 3357 2.1076
116 3358 1.2554
116 3359 1.0104
116 3360 3.6532
116 3361 1.1444
116 3362 1.3572
116 3363 2.0318
116 3364 1.3571
116 3365 0.2938
116 3366 -2.9462
116 3367 0.5312
116 3368 0.3683
116 3369 3.037
116 3370 -0.8274
116 3371 -0.0048
116 3372 1.3885
116 3373 0.0838
116 3374 0.5165
116 3375 -1.721
116 3376 -0.1215
116 3377 0.1041
116 3378 0.6172
116 3379 0.192
116 3380 0.0164
116 3381 -0.2892
116 3382 0.0473
116 3383 0.2806
116 3384 0.3224
116 3385 0.1309
116 3386 0.0281
116 3387 -0.6859
116 3388 -0.0072
116 3389 -0.0068
116 3390 0.4754
116 3391 -0.0084
116 3392 0.1177
116 3393 0.268
116 3394 -0.0025
116 3395 0.0812
116 3396 0.4011
116 3397 -0.0057
116 3398 0.0012
116 3399 0.1366
116 3400 -0.0141
116 3401 -0.004
116 3402 0.2261
116 3403 -0.0081
116 3404 -0.0134
116 3405 -0.0317
116 3406 0.0126
116 3407 0.0049
116 3408 -0.0048
116 3409 -0.0154
116 3410 0.0083
116 3411 -0.0145
116 3412 0.0057
116 3413 -0.0069
116 3414 0.0009
116 3415 -0.0021
117 3416 1.8499
117 3417 -1.2365
117 3418 -3.0408
117 3419 1.5789
117 3420 -0.7087
117 3421 -0.6431
117 3422 1.3662
117 3423 -0.8354
117 3424 -6.4456
117 3425 0.6619
117 3426 0.4595
117 3427 -1.0652
117 3428 0.6607
117 3429 0.0576
117 3430 1.6856
117 3431 0.4983
117 3432 -0.1421
117 3433 2.4053
117 3434 -0.1387
117 3435 -0.0635
117 3436 0.1961
117 3437 -0.6587
117 3438 -0.3534
117 3439 1.8557
117 3440 0.105
117 3441 -0.2228
117 3442 0.5701
117 3443 -0.0405
117 3444 0.3253
117 3445 0.1104
117 3446 -0.0699
117 3447 -0.0766
117 3448 0.1051
117 3449 -0.1171
117 3450 0.011
117 3451 -0.609
117 3452 0.0526
117 3453 -0.0679
117 3454 -0.3349
117 3455 -0.0009
117 3456 -0.0549
117 3457 -0.2453
117 3458 0.0162
117 3459 -0.0023
117 3460 0.0505
117 3461 0.0078
117 3462 0.0666
117 3463 -0.0559
117 3464 -0.0062
117 3465 -0.0128
117 3466 0.1633
117 3467 -0.0128
117 3468 0.0123
117 3469 0.0146
117 3470 -0.0131
117 3471 -0.0053
117 3472 0.004
117 3473 0.0057
117 3474 -0.0094
117 3475 -0.0005
117 3476 0.0113
118 3477 -3.5362
118 3478 1.7196
118 3479 1.7855
118 3480 -1.4991
118 3481 0.8425
118 3482 5.5916
118 3483 -1.6893
118 3484 2.8989
118 3485 -0.8369
118 3486 -1.3942
118 3487 0.9781
118 3488 -3.7383
118 3489 -2.1707
118 3490 -0.1882
118 3491 3.9016
118 3492 -1.3759
118 3493 -0.2692
118 3494 0.6462
118 3495 -0.6668
118 3496 1.1391
118 3497 -2.3157
118 3498 -0.4996
118 3499 0.6275
118 3500 -0.3267
118 3501 0.3653
118 3502 0.1485
118 3503 -0.3924
118 3504 0.0185
118 3505 0.0149
118 3506 2.2002
118 3507 0.2404
118 3508 0.1293
118 3509 0.0842
118 3510 0.0409
118 3511 -0.0027
118 3512 1.7908
118 3513 0.016
118 3514 0.2811
118 3515 0.2713
118 3516 -0.0056
118 3517 0.2371
118 3518 1.1646
118 3519 -0.0131
118 3520 -0.006
118 3521 0.506
118 3522 -0.012
118 3523 0.0213
118 3524 0.583
118 3525 -0.0154
118 3526 -0.0141
118 3527 0.0501
118 3528 -0.0046
118 3529 -0.0145
118 3530 -0.0158
118 3531 0.0134
118 3532 -0.0029
118 3533 -0.0109
118 3534 0.0092
118 3535 -0.0051
118 3536 -0.0027
118 3537 -0.0081
119 3538 0.3253
119 3539 1.0786
119 3540 3.7788
119 3541 0.2695
119 3542 -0.627
119 3543 0.9378
119 3544 1.3735
119 3545 -0.053
119 3546 2.1296
119 3547 0.2802
119 3548 -0.7547
119 3549 5.9538
119 3550 0.4658
119 3551 0.219
119 3552 -1.2426
119 3553 0.3376
119 3554 0.2411
119 3555 -3.1952
119 3556 0.5309
119 3557 -0.7808
119 3558 0.6169
119 3559 0.453
119 3560 -0.034
119 3561 -1.8679
119 3562 -0.2944
119 3563 0.1255
119 3564 -1.6838
119 3565 0.0616
119 3566 -0.4815
119 3567 -1.2805
119 3568 0.1116
119 3569 -0.0666
119 3570 -0.0646
119 3571 0.0978
119 3572 0.0158
119 3573 -0.7049
119 3574 0.0137
119 3575 -0.0696
119 3576 0.3806
119 3577 0.0083
119 3578 -0.0591
119 3579 -0.1175
119 3580 -0.0164
119 3581 -0.0044
119 3582 -0.0736
119 3583 0.0005
119 3584 0.0188
119 3585 -0.1474
119 3586 0.0055
119 3587 -0.0148
119 3588 0.0517
119 3589 0.0067
119 3590 0.0049
119 3591 -0.0141
119 3592 -0.0006
119 3593 0.0109
119 3594 0.0155
119 3595 0.0107
119 3596 -0.0118
119 3597 -0.0136
119 3598 0.0121
120 3599 4.6737
120 3600 -2.2975
120 3601 -3.7817
120 3602 5.2585
120 3603 -1.5263
120 3604 1.8079
120 3605 4.8744
120 3606 -3.0649
120 3607 -1.7391
120 3608 4.2207
120 3609 -2.4072
120 3610 -4.0077
120 3611 4.4294
120 3612 -0.7992
120 3613 -1.1941
120 3614 -0.4377
120 3615 -0.3067
120 3616 2.3649
120 3617 0.5844
120 3618 -0.0144
120 3619 -2.4482
120 3620 -0.231
120 3621 -0.2249
120 3622 0.6975
120 3623 -0.1768
120 3624 -0.1094
120 3625 -1.8849
120 3626 0.1629
120 3627 0.2672
120 3628 -0.3566
120 3629 0.1323
120 3630 0.0568
120 3631 -0.7676
120 3632 -0.103
120 3633 0.0107
120 3634 0.8308
120 3635 -0.0724
120 3636 -0.1893
120 3637 0.5469
120 3638 0.0085
120 3639 -0.1519
120 3640 0.8183
120 3641 0.0072
120 3642 -0.0089
120 3643 -0.4021
120 3644 -0.009
120 3645 -0.066
120 3646 -0.3911
120 3647 -0.0019
120 3648 -0.0099
120 3649 -0.1586
120 3650 -0.0122
120 3651 0.0146
120 3652 -0.0013
120 3653 0.0136
120 3654 -0.0063
120 3655 -0.0159
120 3656 0.0166
120 3657 -0.0115
120 3658 0.0066
120 3659 0.0076
121 3660 -0.4892
121 3661 0.3637
121 3662 1.3839
121 3663 1.9284
121 3664 3.3145
121 3665 -2.179
121 3666 1.8323
121 3667 2.2452
121 3668 -0.8631
121 3669 -0.6468
121 3670 1.9648
121 3671 -2.8549
121 3672 -1.5535
121 3673 -0.9611
121 3674 1.9453
121 3675 1.3187
121 3676 1.3804
121 3677 1.8194
121 3678 -7.0282
121 3679 -0.9381
121 3680 -0.1121
121 3681 5.7865
121 3682 0.9943
121 3683 -1.7929
121 3684 -3.6047
121 3685 -0.747
121 3686 2.1533
121 3687 2.9856
121 3688 1.6767
121 3689 0.9627
121 3690 -2.8051
121 3691 -2.0814
121 3692 -1.7386
121 3693 2.3014
121 3694 -1.0724
121 3695 0.0747
121 3696 2.1111
121 3697 -1.1262
121 3698 -1.0301
121 3699 -20.2093
121 3700 0.9367
121 3701 -0.4231
121 3702 2.1995
121 3703 26.9099
121 3704 -1.6542
121 3705 1.7422
121 3706 -0.2096
121 3707 0.3718
121 3708 -3.6076
121 3709 -0.0948
121 3710 2.5031
121 3711 -3.9079
121 3712 0.304
121 3713 -0.9324
121 3714 -2.0205
121 3715 3.0491
121 3716 -1.796
121 3717 0.6232
121 3718 2.8726
121 3719 2.4838
121 3720 -0.5787
